,timestamp,ele_0,ele_1,ele_2,ele_3,ele_4,ele_5,ele_6,ele_7,ele_8,ele_9,ele_10,ele_11,ele_12,ele_13,ele_14,ele_15,ele_16,ele_17,ele_18,ele_19,ele_20,ele_21,ele_22,ele_23,ele_24,ele_25,ele_26,ele_27,ele_28,ele_29,ele_30,ele_31,ele_32,ele_33,ele_34,ele_35,ele_36,ele_37
0,1741795501.7695012,361.0,411.0,355.0,800.0,382.0,371.0,528.0,449.0,428.0,437.0,452.0,427.0,361.0,356.0,382.0,529.0,429.0,451.0,-0.0693359375,0.02001953125,1.00927734375,49280.0,-2.378048896789551,0.4268292784690857,0.3658536672592163,49280.0,-7.6623077392578125,-6.847564697265625,0.1859283447265625,49280.0,0.11590402573347092,0.05775242671370506,-0.6757871508598328,0.7256314158439636,49280.0,0.0,0.0,92.0
1,1741795501.790464,361.0,411.0,355.0,800.0,382.0,371.0,528.0,449.0,428.0,437.0,452.0,427.0,361.0,356.0,382.0,529.0,429.0,451.0,-0.0634765625,0.0185546875,1.015625,49297.0,-1.158536672592163,0.3658536672592163,0.060975611209869385,49297.0,0.9359283447265625,1.0039215087890625,257.00390625,49297.0,0.11596817523241043,0.05767187476158142,-0.6774576306343079,0.7240685820579529,49297.0,0.0,0.0,92.0
2,1741795501.8187516,449.0,407.0,408.0,383.0,422.0,370.0,435.0,414.0,392.0,388.0,434.0,451.0,449.0,409.0,422.0,435.0,394.0,434.0,0.125,0.03515625,1.01025390625,60215.0,-0.8536585569381714,-2.2560975551605225,0.4268292784690857,60215.0,-2.1935577392578125,-7.2740325927734375,12289.00390625,60215.0,0.22549235820770264,-0.5123018622398376,0.6179711222648621,0.5520973801612854,60215.0,0.0,1.0,87.0
3,1741795501.8267202,449.0,407.0,408.0,383.0,422.0,370.0,435.0,414.0,392.0,388.0,434.0,451.0,449.0,409.0,422.0,435.0,394.0,434.0,0.12158203125,0.03955078125,1.00390625,60231.0,-1.097561001777649,-3.1097562313079834,1.097561001777649,60231.0,16.40789794921875,-2.493560791015625,-7.4240264892578125,60231.0,0.2256835550069809,-0.5125079154968262,0.6178845763206482,0.5519248247146606,60231.0,0.0,1.0,87.0
4,1741795501.832699,361.0,411.0,356.0,800.0,382.0,371.0,529.0,450.0,429.0,438.0,451.0,429.0,361.0,356.0,382.0,529.0,429.0,451.0,-0.06884765625,0.02294921875,1.0107421875,49326.0,-0.792682945728302,0.6097561120986938,0.18292683362960815,49326.0,-7.962310791015625,-8.347564697265625,-0.5640716552734375,49326.0,0.1161782294511795,0.05724754184484482,-0.6801000833511353,0.7215875387191772,49326.0,0.0,0.0,92.0
5,1741795501.8479419,449.0,407.0,408.0,383.0,422.0,370.0,435.0,414.0,392.0,388.0,434.0,451.0,448.0,408.0,422.0,434.0,391.0,433.0,0.13623046875,0.03857421875,1.00830078125,60247.0,-1.7073171138763428,-2.682926893234253,0.7317073345184326,60247.0,16.40789794921875,-3.243560791015625,-6.224029541015625,60247.0,0.22582709789276123,-0.5126826763153076,0.6178313493728638,0.5517634153366089,60247.0,0.0,1.0,87.0
6,1741795501.8635657,448.0,407.0,408.0,383.0,422.0,370.0,434.0,413.0,391.0,387.0,432.0,450.0,448.0,408.0,422.0,434.0,391.0,433.0,0.1357421875,0.0380859375,1.00927734375,60295.0,-1.9512195587158203,-0.9146341681480408,0.6097561120986938,60295.0,16.857894897460938,-3.09356689453125,-8.024032592773438,60295.0,0.22601786255836487,-0.5130934119224548,0.6176146864891052,0.551546037197113,60295.0,0.0,1.0,87.0
7,1741795501.8635657,361.0,411.0,356.0,800.0,382.0,371.0,529.0,450.0,429.0,438.0,451.0,429.0,362.0,356.0,382.0,529.0,429.0,451.0,-0.060546875,0.02734375,1.01123046875,49346.0,-0.9146341681480408,1.097561001777649,0.24390244483947754,49346.0,-6.9123077392578125,-7.597564697265625,-0.5640716552734375,49346.0,0.11650817841291428,0.057159408926963806,-0.6823264360427856,0.7194365859031677,49346.0,0.0,0.0,92.0
8,1741795501.8803122,448.0,407.0,408.0,383.0,422.0,370.0,434.0,413.0,391.0,387.0,432.0,450.0,447.0,407.0,422.0,433.0,390.0,432.0,0.13720703125,0.0322265625,1.01513671875,60310.0,-1.7682926654815674,-0.4268292784690857,0.4268292784690857,60310.0,-1.2935638427734375,-8.924026489257812,12289.00390625,60310.0,0.22591188549995422,-0.513140082359314,0.6175007224082947,0.5516735911369324,60310.0,0.0,1.0,87.0
9,1741795501.8803122,361.0,411.0,356.0,800.0,382.0,371.0,529.0,450.0,429.0,438.0,451.0,429.0,362.0,356.0,382.0,529.0,429.0,451.0,-0.06689453125,0.0244140625,1.015625,49359.0,-0.5487805008888245,1.158536672592163,0.0,49359.0,-6.9123077392578125,-7.597564697265625,-0.5640716552734375,49346.0,0.11666146665811539,0.0571402981877327,-0.6831756234169006,0.7186068892478943,49359.0,0.0,0.0,92.0
10,1741795501.9109435,365.0,725.0,356.0,801.0,382.0,371.0,530.0,452.0,430.0,439.0,452.0,430.0,362.0,356.0,382.0,529.0,429.0,451.0,-0.068359375,0.0224609375,1.009765625,49400.0,-0.792682945728302,0.0,0.3048780560493469,49400.0,-7.968658447265625,-5.6514739990234375,-0.5616302490234375,49400.0,0.11709131300449371,0.05684776231646538,-0.6866858005523682,0.7152066230773926,49400.0,0.0,0.0,92.0
11,1741795501.9164808,447.0,407.0,407.0,383.0,422.0,370.0,433.0,413.0,390.0,386.0,432.0,449.0,447.0,407.0,422.0,433.0,390.0,432.0,0.1328125,0.0380859375,1.01416015625,60349.0,-0.7317073345184326,1.158536672592163,0.4878048896789551,60349.0,16.557907104492188,-1.8935699462890625,-7.2740325927734375,60349.0,0.22564667463302612,-0.5130975246429443,0.6173388957977295,0.5520027279853821,60349.0,0.0,1.0,87.0
12,1741795501.9164808,447.0,407.0,407.0,383.0,422.0,370.0,433.0,413.0,390.0,386.0,432.0,449.0,447.0,407.0,422.0,433.0,390.0,432.0,0.1318359375,0.037109375,1.0087890625,60364.0,-1.2804877758026123,0.9756097793579102,0.12195122241973877,60364.0,16.40789794921875,-2.7935638427734375,-8.174026489257812,60364.0,0.2255641371011734,-0.5130817890167236,0.6172795295715332,0.5521174669265747,60364.0,0.0,1.0,87.0
13,1741795501.9269848,365.0,725.0,356.0,801.0,382.0,371.0,530.0,452.0,430.0,439.0,452.0,430.0,364.0,356.0,382.0,530.0,430.0,452.0,-0.06591796875,0.02197265625,1.0146484375,49440.0,-0.5487805008888245,-1.5243902206420898,0.3658536672592163,49440.0,-6.9186553955078125,-6.101470947265625,-1.011627197265625,49440.0,0.11733737587928772,0.0563381090760231,-0.6897890567779541,0.7122141718864441,49440.0,0.0,0.0,92.0
14,1741795501.9269848,447.0,407.0,407.0,383.0,422.0,370.0,433.0,413.0,390.0,386.0,432.0,449.0,447.0,407.0,422.0,433.0,390.0,432.0,0.1357421875,0.03662109375,1.00927734375,60380.0,-1.2195122241973877,0.6707317233085632,0.3048780560493469,60380.0,16.557907104492188,-3.3935699462890625,-6.5240325927734375,60372.0,0.22559350728988647,-0.5130689144134521,0.6173111200332642,0.5520821809768677,60380.0,0.0,1.0,87.0
15,1741795501.9426138,364.0,657.0,356.0,801.0,382.0,371.0,530.0,450.0,430.0,439.0,452.0,430.0,364.0,356.0,382.0,530.0,430.0,452.0,-0.06494140625,0.02197265625,1.015625,49448.0,-0.5487805008888245,-1.7073171138763428,0.18292683362960815,49448.0,-6.9186553955078125,-6.101470947265625,-1.011627197265625,49440.0,0.11739960312843323,0.05620833486318588,-0.6905761361122131,0.7114510536193848,49448.0,0.0,0.0,92.0
16,1741795501.9426138,447.0,407.0,407.0,383.0,422.0,370.0,433.0,413.0,390.0,386.0,432.0,449.0,447.0,407.0,422.0,433.0,390.0,432.0,0.13720703125,0.0380859375,1.01220703125,60402.0,-1.0365853309631348,0.6707317233085632,0.24390244483947754,60402.0,16.857894897460938,-3.3935699462890625,-6.82403564453125,60402.0,0.22562268376350403,-0.5130560398101807,0.6173425316810608,0.552047073841095,60402.0,0.0,1.0,87.0
17,1741795501.958237,447.0,406.0,407.0,383.0,422.0,370.0,433.0,413.0,390.0,386.0,432.0,448.0,447.0,407.0,422.0,433.0,390.0,432.0,0.1337890625,0.03662109375,1.01318359375,60419.0,-0.6097561120986938,1.4024391174316406,0.060975611209869385,60419.0,-2.493560791015625,-8.174026489257812,12289.00390625,60410.0,0.22548401355743408,-0.5128836035728455,0.6173372268676758,0.5522698163986206,60419.0,0.0,1.0,87.0
18,1741795501.958237,364.0,657.0,356.0,801.0,382.0,371.0,530.0,450.0,430.0,439.0,452.0,430.0,364.0,356.0,382.0,529.0,430.0,451.0,-0.06982421875,0.015625,1.015625,49484.0,0.5487805008888245,-1.8292683362960815,0.3658536672592163,49484.0,-5.8686676025390625,-6.70147705078125,0.0383758544921875,49484.0,0.11758825182914734,0.055639974772930145,-0.6932424306869507,0.7088602185249329,49484.0,0.0,0.0,92.0
19,1741795501.9768646,364.0,657.0,356.0,801.0,382.0,371.0,530.0,450.0,430.0,439.0,452.0,430.0,364.0,356.0,382.0,529.0,430.0,451.0,-0.06982421875,0.01611328125,1.0146484375,49497.0,1.4024391174316406,-1.8902440071105957,0.12195122241973877,49497.0,-7.06866455078125,-5.50146484375,-0.4116363525390625,49497.0,0.11766686290502548,0.05524361878633499,-0.6942132711410522,0.7079325914382935,49497.0,0.0,0.0,92.0
20,1741795502.005497,364.0,644.0,356.0,801.0,382.0,371.0,529.0,450.0,429.0,438.0,451.0,429.0,364.0,356.0,382.0,529.0,430.0,451.0,-0.07177734375,0.021484375,1.009765625,49517.0,2.2560975551605225,-2.378048896789551,-0.12195122241973877,49517.0,-6.468658447265625,-6.101470947265625,0.488372802734375,49506.0,0.11784984171390533,0.05457345023751259,-0.6956450939178467,0.7065480351448059,49517.0,0.0,0.0,92.0
21,1741795502.005497,447.0,406.0,407.0,383.0,422.0,370.0,433.0,413.0,390.0,386.0,432.0,448.0,447.0,407.0,422.0,433.0,390.0,432.0,0.12939453125,0.0419921875,1.0126953125,60436.0,-1.4024391174316406,2.195122003555298,-0.12195122241973877,60436.0,16.40789794921875,-3.6935577392578125,-8.174026489257812,60436.0,0.22537393867969513,-0.5126190185546875,0.6174491047859192,0.5524352788925171,60436.0,0.0,1.0,87.0
22,1741795502.021121,447.0,406.0,407.0,383.0,422.0,370.0,433.0,413.0,390.0,386.0,432.0,448.0,448.0,408.0,421.0,433.0,391.0,433.0,0.130859375,0.03759765625,1.0068359375,60452.0,-2.0731706619262695,2.682926893234253,-0.060975611209869385,60452.0,16.857894897460938,-2.1935577392578125,-8.32403564453125,60452.0,0.22512787580490112,-0.5124562382698059,0.6174390316009521,0.5526978373527527,60452.0,0.0,1.0,87.0
23,1741795502.021121,364.0,644.0,356.0,801.0,382.0,371.0,529.0,450.0,429.0,438.0,451.0,429.0,364.0,356.0,382.0,529.0,430.0,451.0,-0.06494140625,0.0302734375,1.01171875,49546.0,2.4390244483947754,-2.378048896789551,0.24390244483947754,49546.0,-8.718658447265625,-7.1514739990234375,-0.5616302490234375,49546.0,0.1182001605629921,0.0532052256166935,-0.6984329223632812,0.7038165330886841,49546.0,0.0,0.0,92.0
24,1741795502.036746,447.0,406.0,407.0,383.0,422.0,370.0,433.0,413.0,390.0,386.0,432.0,448.0,448.0,408.0,421.0,433.0,391.0,433.0,0.1220703125,0.03662109375,1.0009765625,60468.0,-1.9512195587158203,0.9756097793579102,0.4268292784690857,60468.0,16.40789794921875,-3.6935577392578125,-8.174026489257812,60468.0,0.2250424474477768,-0.5122743248939514,0.6175771355628967,0.5527469515800476,60468.0,0.0,1.0,87.0
25,1741795502.036746,448.0,406.0,408.0,383.0,421.0,369.0,433.0,413.0,391.0,387.0,433.0,449.0,448.0,408.0,421.0,433.0,391.0,433.0,0.1318359375,0.037109375,1.0068359375,60495.0,-1.4634146690368652,0.24390244483947754,0.24390244483947754,60495.0,-11264.01171875,3327.9716796875,-9919.99609375,60495.0,0.22509421408176422,-0.512251615524292,0.617633044719696,0.552684485912323,60495.0,0.0,1.0,87.0
26,1741795502.0523663,448.0,406.0,408.0,383.0,421.0,369.0,433.0,413.0,391.0,387.0,433.0,449.0,448.0,408.0,421.0,433.0,392.0,433.0,0.13037109375,0.033203125,1.0107421875,60512.0,-0.8536585569381714,1.2804877758026123,-0.4878048896789551,60512.0,15.507904052734375,-2.493560791015625,-7.724029541015625,60504.0,0.2250935435295105,-0.5121951103210449,0.6176578998565674,0.5527092814445496,60512.0,0.0,1.0,87.0
27,1741795502.0679905,364.0,644.0,356.0,801.0,382.0,371.0,529.0,450.0,429.0,438.0,451.0,429.0,363.0,356.0,382.0,528.0,428.0,450.0,-0.06396484375,0.02734375,1.013671875,49556.0,1.4634146690368652,-1.6463415622711182,0.060975611209869385,49556.0,-8.718658447265625,-7.1514739990234375,-0.5616302490234375,49546.0,0.11828894168138504,0.052915554493665695,-0.6992392539978027,0.7030448913574219,49556.0,0.0,0.0,92.0
28,1741795502.0769958,448.0,406.0,408.0,383.0,421.0,369.0,433.0,413.0,391.0,387.0,433.0,449.0,448.0,408.0,421.0,433.0,392.0,433.0,0.14013671875,0.03173828125,1.0107421875,60527.0,-0.4268292784690857,2.6219513416290283,-0.7317073345184326,60527.0,16.857894897460938,-1.4435577392578125,-7.57403564453125,60519.0,0.22483722865581512,-0.5119688510894775,0.6175064444541931,0.5531923174858093,60527.0,0.0,1.0,87.0
29,1741795502.0839996,363.0,650.0,356.0,800.0,382.0,372.0,528.0,450.0,428.0,437.0,450.0,428.0,363.0,356.0,382.0,528.0,428.0,450.0,-0.06201171875,0.029296875,1.01708984375,49584.0,-0.6707317233085632,-0.12195122241973877,0.3048780560493469,49584.0,-8.118667602539062,-6.70147705078125,-0.4116363525390625,49577.0,0.11847613006830215,0.05248809605836868,-0.7014330625534058,0.7008566856384277,49584.0,0.0,0.0,92.0
30,1741795502.0996277,363.0,650.0,356.0,800.0,382.0,372.0,528.0,450.0,428.0,437.0,450.0,428.0,363.0,356.0,382.0,528.0,428.0,450.0,-0.06298828125,0.02685546875,1.01953125,49604.0,-1.097561001777649,0.3658536672592163,0.3048780560493469,49604.0,-7.218658447265625,-6.4014739990234375,0.9383697509765625,49604.0,0.1186080351471901,0.052189357578754425,-0.7031970620155334,0.6990867257118225,49604.0,0.0,0.0,92.0
31,1741795502.1152506,448.0,406.0,408.0,383.0,421.0,369.0,433.0,413.0,391.0,387.0,433.0,449.0,448.0,408.0,421.0,433.0,392.0,433.0,0.13525390625,0.03564453125,1.00439453125,60543.0,0.4878048896789551,4.45121955871582,-1.2804877758026123,60543.0,15.957901000976562,-3.6935577392578125,-8.174026489257812,60543.0,0.2247752547264099,-0.5113356113433838,0.6177204251289368,0.5535641312599182,60543.0,0.0,1.0,87.0
32,1741795502.1152506,363.0,650.0,356.0,800.0,382.0,372.0,528.0,450.0,428.0,437.0,450.0,428.0,363.0,356.0,382.0,528.0,428.0,450.0,-0.05712890625,0.02734375,1.033203125,49636.0,-1.158536672592163,1.2195122241973877,0.18292683362960815,49636.0,-7.3686676025390625,-5.8014678955078125,0.63836669921875,49636.0,0.11886996030807495,0.05201777443289757,-0.7055895924568176,0.6966400146484375,49636.0,0.0,0.0,92.0
33,1741795502.1308746,447.0,405.0,408.0,382.0,420.0,368.0,433.0,413.0,392.0,387.0,433.0,449.0,448.0,408.0,421.0,433.0,392.0,433.0,0.12646484375,0.03466796875,1.01318359375,60559.0,3.658536672592163,6.707317352294922,-1.158536672592163,60559.0,15.207901000976562,-3.243560791015625,-7.4240264892578125,60559.0,0.22483903169631958,-0.510283887386322,0.6182716488838196,0.5538932085037231,60559.0,0.0,1.0,87.0
34,1741795502.1308746,447.0,405.0,408.0,382.0,420.0,368.0,433.0,413.0,392.0,387.0,433.0,449.0,448.0,408.0,421.0,433.0,392.0,433.0,0.1220703125,0.0390625,1.0,60577.0,4.146341323852539,6.707317352294922,-1.2195122241973877,60577.0,15.507904052734375,-3.6935577392578125,-7.724029541015625,60568.0,0.2249324768781662,-0.5090644955635071,0.6189566850662231,0.5542121529579163,60577.0,0.0,1.0,87.0
35,1741795502.1464975,365.0,745.0,357.0,802.0,382.0,373.0,533.0,456.0,430.0,439.0,451.0,430.0,363.0,356.0,382.0,528.0,428.0,450.0,-0.06494140625,0.04052734375,1.0341796875,49658.0,-5.670732021331787,6.341463565826416,0.6097561120986938,49658.0,-5.8014678955078125,0.3383636474609375,1.0039215087890625,49658.0,0.1192416399717331,0.05310568958520889,-0.7069345712661743,0.6951291561126709,49658.0,0.0,0.0,92.0
36,1741795502.1464975,447.0,405.0,408.0,382.0,420.0,368.0,433.0,413.0,392.0,387.0,433.0,449.0,447.0,407.0,417.0,433.0,392.0,433.0,0.115234375,0.0439453125,1.01220703125,60604.0,2.2560975551605225,3.4146342277526855,-0.7317073345184326,60604.0,15.357894897460938,-3.3935699462890625,-7.2740325927734375,60596.0,0.22509489953517914,-0.5077041983604431,0.6197258830070496,0.5545343160629272,60604.0,0.0,1.0,87.0
37,1741795502.162719,445.0,400.0,407.0,378.0,415.0,366.0,433.0,414.0,392.0,388.0,433.0,449.0,447.0,407.0,417.0,433.0,392.0,433.0,0.1162109375,0.0439453125,1.015625,60622.0,0.8536585569381714,2.1341464519500732,-0.3048780560493469,60622.0,16.557907104492188,-3.84356689453125,-6.82403564453125,60622.0,0.22526489198207855,-0.5071260333061218,0.620076596736908,0.5546022653579712,60622.0,0.0,1.0,87.0
38,1741795502.162719,365.0,745.0,357.0,802.0,382.0,373.0,533.0,456.0,430.0,439.0,451.0,430.0,367.0,358.0,384.0,540.0,435.0,456.0,-0.0849609375,0.04541015625,1.07275390625,49688.0,-15.060976028442383,12.865854263305664,0.7317073345184326,49688.0,-7.81866455078125,-4.45147705078125,-1.1616363525390625,49680.0,0.11902954429388046,0.05718665197491646,-0.7078734040260315,0.693885087966919,49688.0,0.0,0.0,92.0
39,1741795502.1782281,365.0,745.0,357.0,802.0,382.0,373.0,533.0,456.0,430.0,439.0,451.0,430.0,367.0,358.0,384.0,540.0,435.0,456.0,-0.2998046875,0.4736328125,1.07568359375,49698.0,-13.719512939453125,15.182927131652832,-1.585365891456604,49698.0,-8.118667602539062,-4.0014801025390625,-1.9116363525390625,49698.0,0.11910896748304367,0.05873429775238037,-0.7081133723258972,0.6934972405433655,49698.0,0.0,0.0,92.0
40,1741795502.2094784,368.0,759.0,359.0,806.0,386.0,375.0,548.0,477.0,442.0,451.0,461.0,440.0,367.0,358.0,384.0,540.0,435.0,456.0,0.21142578125,0.17333984375,1.33056640625,49718.0,1.0365853309631348,25.670732498168945,-84.39024353027344,49718.0,-4.6754913330078125,-1.44610595703125,-3.86407470703125,49718.0,0.1219041645526886,0.061848144978284836,-0.7139323949813843,0.686740517616272,49718.0,0.0,0.0,92.0
41,1741795502.2094784,445.0,400.0,407.0,378.0,415.0,366.0,433.0,414.0,392.0,388.0,433.0,449.0,447.0,407.0,417.0,433.0,392.0,433.0,0.11376953125,0.044921875,1.01611328125,60639.0,-0.8536585569381714,1.2195122241973877,0.12195122241973877,60639.0,14.757904052734375,-3.993560791015625,-8.174026489257812,60639.0,0.22552986443042755,-0.5067011117935181,0.6204595565795898,0.5544546246528625,60639.0,0.0,1.0,87.0
42,1741795502.2251031,368.0,759.0,359.0,806.0,386.0,375.0,548.0,477.0,442.0,451.0,461.0,440.0,367.0,358.0,384.0,540.0,435.0,456.0,1.00732421875,0.611328125,1.03662109375,49747.0,-24.573171615600586,-29.878049850463867,-4.329268455505371,49747.0,-6.475494384765625,-2.6461029052734375,-8.36407470703125,49747.0,0.11853692680597305,0.0683450996875763,-0.7225944399833679,0.6775884628295898,49747.0,0.0,0.0,92.0
43,1741795502.2407255,445.0,400.0,407.0,378.0,415.0,366.0,433.0,414.0,392.0,388.0,433.0,449.0,445.0,406.0,414.0,433.0,392.0,433.0,0.11181640625,0.04541015625,1.01318359375,60655.0,-2.4390244483947754,-0.4878048896789551,0.4268292784690857,60655.0,14.457901000976562,-2.7935638427734375,-8.174026489257812,60647.0,0.22564128041267395,-0.5066514611244202,0.6205815076828003,0.5543181896209717,60655.0,0.0,1.0,87.0
44,1741795502.2407255,368.0,759.0,359.0,806.0,386.0,375.0,548.0,477.0,442.0,451.0,461.0,440.0,369.0,360.0,387.0,541.0,444.0,462.0,1.0224609375,0.59765625,0.97412109375,49758.0,-8.109756469726562,-35.30487823486328,33.719512939453125,49758.0,-6.33184814453125,-2.0451202392578125,-6.271392822265625,49758.0,0.11455933749675751,0.06640507280826569,-0.7214937806129456,0.6796369552612305,49758.0,0.0,0.0,92.0
45,1741795502.2563484,445.0,400.0,407.0,378.0,415.0,366.0,433.0,414.0,392.0,388.0,433.0,449.0,445.0,406.0,414.0,433.0,392.0,433.0,0.1162109375,0.0439453125,1.01416015625,60671.0,-2.7439024448394775,-1.158536672592163,0.792682945728302,60671.0,15.357894897460938,-3.84356689453125,-8.024032592773438,60663.0,0.22582748532295227,-0.5066869854927063,0.620729923248291,0.554043710231781,60671.0,0.0,1.0,87.0
46,1741795502.2563484,445.0,398.0,406.0,377.0,414.0,365.0,433.0,413.0,392.0,388.0,433.0,449.0,445.0,406.0,414.0,433.0,392.0,433.0,0.1220703125,0.03515625,1.01025390625,60696.0,-3.4146342277526855,-1.158536672592163,0.6707317233085632,60696.0,-2.6435699462890625,-7.57403564453125,16385.00390625,60696.0,0.22586938738822937,-0.507071316242218,0.6206194162368774,0.5537986755371094,60696.0,0.0,1.0,87.0
47,1741795502.2563484,368.0,759.0,359.0,806.0,386.0,375.0,548.0,477.0,442.0,451.0,461.0,440.0,369.0,360.0,387.0,541.0,444.0,462.0,1.2451171875,0.52734375,0.93994140625,49778.0,28.292682647705078,-41.585365295410156,61.524391174316406,49778.0,-7.08184814453125,-2.4951324462890625,-7.021392822265625,49778.0,0.112765371799469,0.05994671955704689,-0.7168945670127869,0.6853829026222229,49778.0,0.0,0.0,92.0
48,1741795502.2774765,445.0,398.0,406.0,377.0,414.0,365.0,433.0,413.0,392.0,388.0,433.0,449.0,445.0,407.0,414.0,433.0,392.0,433.0,0.12451171875,0.03564453125,1.00439453125,60723.0,-1.2804877758026123,0.4878048896789551,0.6707317233085632,60723.0,14.757904052734375,-2.493560791015625,-7.4240264892578125,60715.0,0.22605104744434357,-0.5070387721061707,0.6208081245422363,0.5535428524017334,60723.0,0.0,1.0,87.0
49,1741795502.2774765,445.0,398.0,406.0,377.0,414.0,365.0,433.0,413.0,392.0,388.0,433.0,449.0,445.0,407.0,414.0,433.0,392.0,433.0,0.1142578125,0.0400390625,1.0107421875,60739.0,0.9146341681480408,1.8292683362960815,0.0,60739.0,16.107894897460938,-3.09356689453125,-8.32403564453125,60739.0,0.22626814246177673,-0.5066431164741516,0.6211876273155212,0.5533906817436218,60739.0,0.0,1.0,87.0
50,1741795502.3036082,369.0,761.0,360.0,807.0,387.0,375.0,559.0,490.0,445.0,456.0,463.0,443.0,369.0,360.0,387.0,541.0,444.0,462.0,0.916015625,0.119140625,0.93798828125,49808.0,49.5121955871582,-60.121952056884766,58.414634704589844,49808.0,-7.6818389892578125,-2.345123291015625,-6.87139892578125,49799.0,0.11105624586343765,0.038703180849552155,-0.708057701587677,0.6962921023368835,49808.0,0.0,0.0,92.0
51,1741795502.3036082,445.0,398.0,406.0,377.0,414.0,365.0,433.0,413.0,392.0,388.0,433.0,449.0,445.0,407.0,414.0,433.0,392.0,433.0,0.1240234375,0.0439453125,1.00634765625,60748.0,1.4024391174316406,1.8292683362960815,0.3048780560493469,60748.0,16.107894897460938,-3.09356689453125,-8.32403564453125,60739.0,0.2263510674238205,-0.5064014196395874,0.6213690042495728,0.5533743500709534,60748.0,0.0,1.0,87.0
52,1741795502.3192327,369.0,761.0,360.0,807.0,387.0,375.0,559.0,490.0,445.0,456.0,463.0,443.0,369.0,360.0,388.0,543.0,446.0,463.0,0.49853515625,-0.08544921875,1.10791015625,49839.0,61.28049087524414,-58.53658676147461,65.9756088256836,49839.0,-8.58184814453125,-1.2951202392578125,-4.9214019775390625,49839.0,0.11173177510499954,0.013939624652266502,-0.6989234089851379,0.7062759399414062,49839.0,0.0,0.0,92.0
53,1741795502.3504772,369.0,761.0,360.0,807.0,388.0,376.0,543.0,459.0,446.0,457.0,464.0,444.0,369.0,360.0,388.0,543.0,446.0,463.0,0.37548828125,-0.09423828125,1.15576171875,49858.0,53.04878234863281,-49.756099700927734,82.01219940185547,49858.0,-7.991119384765625,-1.8912200927734375,-3.87384033203125,49858.0,0.11252033710479736,0.0006987769156694412,-0.6916790008544922,0.7133854627609253,49858.0,0.0,0.0,92.0
54,1741795502.3504772,445.0,399.0,407.0,378.0,414.0,365.0,433.0,414.0,393.0,388.0,434.0,450.0,445.0,407.0,414.0,433.0,392.0,433.0,0.1201171875,0.046875,1.00390625,60764.0,1.2195122241973877,2.195122003555298,0.060975611209869385,60764.0,14.757904052734375,-3.6935577392578125,-6.224029541015625,60756.0,0.22648487985134125,-0.5059942007064819,0.6216958165168762,0.5533249974250793,60764.0,0.0,1.0,87.0
55,1741795502.366102,369.0,761.0,360.0,807.0,388.0,376.0,543.0,459.0,446.0,457.0,464.0,444.0,369.0,360.0,388.0,543.0,446.0,463.0,0.359375,-0.10546875,1.18798828125,49878.0,44.085365295410156,-47.0121955871582,82.13414764404297,49878.0,-10.241119384765625,-3.091217041015625,-5.37384033203125,49878.0,0.11260571330785751,-0.013963411562144756,-0.6818558573722839,0.7226318120956421,49878.0,0.0,0.0,92.0
56,1741795502.366102,445.0,399.0,407.0,378.0,414.0,365.0,433.0,414.0,393.0,388.0,434.0,450.0,445.0,407.0,414.0,433.0,392.0,433.0,0.1083984375,0.04736328125,1.00244140625,60779.0,1.158536672592163,2.1341464519500732,0.3048780560493469,60779.0,15.957901000976562,-2.7935638427734375,-8.174026489257812,60779.0,0.2266131490468979,-0.5054824948310852,0.6220716834068298,0.5533177852630615,60779.0,0.0,1.0,87.0
57,1741795502.3821108,445.0,399.0,407.0,378.0,414.0,365.0,433.0,414.0,393.0,388.0,434.0,450.0,445.0,407.0,414.0,433.0,394.0,434.0,0.119140625,0.04736328125,1.0078125,60811.0,0.792682945728302,2.378048896789551,-0.18292683362960815,60811.0,15.057907104492188,-3.3935699462890625,-8.024032592773438,60811.0,0.2267967313528061,-0.5045922994613647,0.6227458715438843,0.5532967448234558,60811.0,0.0,1.0,87.0
58,1741795502.3821108,369.0,761.0,360.0,807.0,388.0,376.0,543.0,459.0,446.0,457.0,464.0,444.0,369.0,361.0,388.0,543.0,447.0,464.0,0.28173828125,-0.1845703125,1.34814453125,49906.0,43.59756088256836,-81.70732116699219,56.524391174316406,49906.0,-11.291122436523438,-2.4912261962890625,-2.6738433837890625,49906.0,0.10898362100124359,-0.03448106348514557,-0.6735957860946655,0.7302042245864868,49906.0,0.0,0.0,92.0
59,1741795502.3977375,370.0,752.0,361.0,807.0,388.0,376.0,543.0,458.0,447.0,459.0,465.0,444.0,369.0,361.0,388.0,543.0,447.0,464.0,0.08984375,-0.23583984375,1.2197265625,49925.0,32.0121955871582,-100.48780822753906,38.780487060546875,49925.0,-12.34698486328125,-3.2397613525390625,-2.6743316650390625,49925.0,0.1018538698554039,-0.049669329077005386,-0.6718145608901978,0.7319961190223694,49925.0,0.0,0.0,92.0
60,1741795502.4133608,445.0,398.0,407.0,377.0,413.0,365.0,434.0,414.0,395.0,389.0,434.0,450.0,445.0,407.0,414.0,433.0,394.0,434.0,0.10986328125,0.04296875,1.009765625,60844.0,0.3658536672592163,1.7682926654815674,0.4268292784690857,60844.0,15.357894897460938,-3.84356689453125,-8.32403564453125,60844.0,0.22720322012901306,-0.5036231875419617,0.6237348914146423,0.5528987050056458,60844.0,0.0,1.0,87.0
61,1741795502.4289856,370.0,752.0,361.0,807.0,388.0,376.0,543.0,458.0,447.0,459.0,465.0,444.0,369.0,361.0,388.0,543.0,447.0,464.0,-0.107421875,-0.1416015625,1.17333984375,49946.0,16.463415145874023,-91.4024429321289,-8.59756088256836,49946.0,-12.496978759765625,-4.2897491455078125,-2.524322509765625,49946.0,0.09219423681497574,-0.06584752351045609,-0.6738595962524414,0.7301187515258789,49946.0,0.0,0.0,92.0
62,1741795502.4289856,445.0,398.0,407.0,377.0,413.0,365.0,434.0,414.0,395.0,389.0,434.0,450.0,445.0,407.0,413.0,434.0,396.0,435.0,0.10888671875,0.048828125,1.0068359375,60860.0,0.3048780560493469,1.2195122241973877,0.3658536672592163,60860.0,14.457901000976562,-4.8935699462890625,-8.174026489257812,60860.0,0.2274707555770874,-0.5032520890235901,0.6241880655288696,0.5526151657104492,60860.0,0.0,1.0,87.0
63,1741795502.444609,370.0,752.0,361.0,807.0,388.0,376.0,543.0,458.0,447.0,459.0,465.0,444.0,370.0,361.0,388.0,543.0,447.0,465.0,-0.13623046875,-0.1435546875,1.1533203125,49958.0,13.90243911743164,-90.9756088256836,-20.609756469726562,49958.0,-13.84698486328125,-4.73974609375,-1.1743316650390625,49958.0,0.08636610954999924,-0.07450559735298157,-0.6772435307502747,0.7268623113632202,49958.0,0.0,0.0,92.0
64,1741795502.444609,445.0,398.0,407.0,377.0,413.0,365.0,434.0,414.0,395.0,389.0,434.0,450.0,445.0,407.0,413.0,434.0,396.0,435.0,0.11083984375,0.05419921875,1.01318359375,60876.0,0.18292683362960815,1.0365853309631348,0.6707317233085632,60876.0,15.057907104492188,-3.09356689453125,-8.774032592773438,60876.0,0.22763782739639282,-0.5029131770133972,0.6245437264442444,0.5524529814720154,60876.0,0.0,1.0,87.0
65,1741795502.4602315,445.0,398.0,407.0,377.0,413.0,364.0,434.0,414.0,396.0,389.0,435.0,451.0,445.0,407.0,413.0,434.0,396.0,435.0,0.109375,0.05615234375,1.00927734375,60901.0,-1.7073171138763428,-0.18292683362960815,0.9146341681480408,60901.0,15.207901000976562,-4.4435577392578125,-7.724029541015625,60901.0,0.22796809673309326,-0.502763569355011,0.6249064207077026,0.5520426630973816,60901.0,0.0,1.0,87.0
66,1741795502.4602315,370.0,752.0,361.0,807.0,388.0,376.0,543.0,458.0,447.0,459.0,465.0,444.0,370.0,361.0,388.0,543.0,447.0,465.0,-0.216796875,-0.1767578125,1.05712890625,49977.0,4.0853657722473145,-87.25609588623047,-44.45122146606445,49977.0,-14.296981811523438,-5.7897491455078125,-0.7243194580078125,49977.0,0.07815607637166977,-0.0845041424036026,-0.6841988563537598,0.7201542854309082,49977.0,0.0,0.0,92.0
67,1741795502.477861,445.0,398.0,407.0,377.0,413.0,364.0,434.0,414.0,396.0,389.0,435.0,451.0,445.0,407.0,413.0,434.0,396.0,435.0,0.10498046875,0.048828125,1.0,60923.0,-2.682926893234253,-1.6463415622711182,0.9146341681480408,60923.0,15.207901000976562,-3.993560791015625,-6.974029541015625,60923.0,0.22828461229801178,-0.5027937889099121,0.6251760721206665,0.5515788793563843,60923.0,0.0,1.0,87.0
68,1741795502.477861,445.0,398.0,407.0,377.0,413.0,364.0,434.0,414.0,396.0,389.0,435.0,451.0,445.0,407.0,413.0,434.0,396.0,435.0,0.1162109375,0.04638671875,1.01171875,60938.0,-2.987804889678955,-2.2560975551605225,0.9756097793579102,60938.0,14.607894897460938,-3.09356689453125,-7.2740325927734375,60938.0,0.22839851677417755,-0.5029808878898621,0.62517911195755,0.551357626914978,60938.0,0.0,1.0,87.0
69,1741795502.491865,368.0,570.0,361.0,807.0,388.0,376.0,543.0,458.0,448.0,459.0,465.0,445.0,370.0,361.0,388.0,543.0,447.0,465.0,-0.33935546875,-0.15966796875,0.97119140625,50006.0,-2.012195110321045,-75.12195587158203,-78.9024429321289,50006.0,-14.896987915039062,-4.8897552490234375,0.9256744384765625,50006.0,0.06687493622303009,-0.09618090093135834,-0.6986551284790039,0.7057995200157166,50006.0,0.0,0.0,92.0
70,1741795502.4969013,445.0,398.0,407.0,377.0,413.0,364.0,434.0,414.0,396.0,389.0,435.0,451.0,445.0,407.0,413.0,434.0,396.0,435.0,0.11669921875,0.04052734375,1.0048828125,60954.0,-2.317073345184326,-2.7439024448394775,1.2195122241973877,60954.0,15.207901000976562,-2.493560791015625,-9.374038696289062,60954.0,0.22857436537742615,-0.5032609105110168,0.6251575350761414,0.5510537028312683,60954.0,0.0,1.0,87.0
71,1741795502.5079057,368.0,570.0,361.0,807.0,388.0,376.0,543.0,458.0,448.0,459.0,465.0,445.0,370.0,361.0,388.0,543.0,447.0,465.0,-0.40185546875,-0.15234375,0.89697265625,50018.0,-7.439024448394775,-66.95121765136719,-93.53659057617188,50018.0,-15.046981811523438,-5.48974609375,1.0756683349609375,50018.0,0.06176242604851723,-0.10076624155044556,-0.7074511051177979,0.6968101263046265,50018.0,0.0,0.0,92.0
72,1741795502.5235345,368.0,570.0,361.0,807.0,388.0,376.0,543.0,458.0,448.0,459.0,465.0,445.0,367.0,361.0,388.0,543.0,448.0,466.0,-0.47216796875,-0.115234375,0.8349609375,50039.0,-10.0,-51.03658676147461,-103.53659057617188,50039.0,-16.688186645507812,-5.6392669677734375,0.1756744384765625,50039.0,0.054440002888441086,-0.1061720997095108,-0.7229301929473877,0.6805362701416016,50039.0,0.0,0.0,92.0
73,1741795502.5235345,445.0,398.0,407.0,377.0,413.0,364.0,434.0,415.0,395.0,389.0,434.0,451.0,445.0,407.0,413.0,434.0,396.0,435.0,0.11279296875,0.04052734375,1.00244140625,60972.0,-1.2195122241973877,-3.2926831245422363,1.2804877758026123,60972.0,16.707901000976562,-2.493560791015625,-9.674026489257812,60963.0,0.22885173559188843,-0.5035334229469299,0.625135064125061,0.5507150292396545,60972.0,0.0,1.0,87.0
74,1741795502.539157,445.0,398.0,407.0,377.0,413.0,364.0,434.0,415.0,395.0,389.0,434.0,451.0,445.0,407.0,413.0,434.0,396.0,435.0,0.11328125,0.04248046875,0.99267578125,60989.0,-0.6707317233085632,-4.329268455505371,1.4024391174316406,60989.0,15.357894897460938,-3.84356689453125,-9.524032592773438,60989.0,0.22930149734020233,-0.50379478931427,0.6251962780952454,0.5502191781997681,60989.0,0.0,1.0,87.0
75,1741795502.5547814,445.0,398.0,407.0,377.0,413.0,364.0,434.0,415.0,395.0,389.0,434.0,451.0,445.0,407.0,414.0,434.0,394.0,434.0,0.1181640625,0.05029296875,1.0048828125,61006.0,-0.792682945728302,-5.792683124542236,1.3414634466171265,61006.0,15.207901000976562,-3.6935577392578125,-6.974029541015625,61006.0,0.23001080751419067,-0.5041257739067078,0.6253441572189331,0.5494513511657715,61006.0,0.0,1.0,87.0
76,1741795502.5547814,367.0,418.0,361.0,807.0,388.0,376.0,544.0,458.0,448.0,459.0,466.0,445.0,367.0,361.0,388.0,543.0,448.0,466.0,-0.51708984375,-0.07666015625,0.81591796875,50058.0,-13.109756469726562,-39.5121955871582,-105.54878234863281,50058.0,-15.33819580078125,-5.0392608642578125,1.8256683349609375,50058.0,0.05018646642565727,-0.10828465223312378,-0.7353154420852661,0.6671333909034729,50058.0,0.0,0.0,92.0
77,1741795502.577911,445.0,398.0,407.0,377.0,413.0,364.0,434.0,415.0,395.0,389.0,434.0,451.0,445.0,407.0,414.0,434.0,394.0,434.0,0.11279296875,0.05029296875,1.00439453125,61023.0,-0.792682945728302,-7.256097793579102,1.4634146690368652,61023.0,15.207901000976562,-3.6935577392578125,-6.974029541015625,61015.0,0.23080004751682281,-0.5046083331108093,0.6254309415817261,0.5485780239105225,61023.0,0.0,1.0,87.0
78,1741795502.577911,444.0,399.0,406.0,378.0,415.0,365.0,434.0,414.0,392.0,387.0,433.0,451.0,445.0,407.0,414.0,434.0,394.0,434.0,0.12109375,0.04052734375,1.01171875,61039.0,-0.6707317233085632,-8.04878044128418,1.6463415622711182,61039.0,3547.625,-868.75,-2322.9521484375,61031.0,0.23145130276679993,-0.5050241351127625,0.6254643797874451,0.5478823781013489,61039.0,0.0,1.0,87.0
79,1741795502.5864143,367.0,418.0,361.0,807.0,388.0,376.0,544.0,458.0,448.0,459.0,466.0,445.0,367.0,361.0,388.0,543.0,448.0,466.0,-0.59716796875,-0.0078125,0.771484375,50087.0,-22.19512176513672,-18.53658676147461,-89.0243911743164,50087.0,-15.038192749023438,-6.9892578125,1.37567138671875,50078.0,0.044732410460710526,-0.10753604769706726,-0.7548885941505432,0.6454287171363831,50087.0,0.0,0.0,92.0
80,1741795502.6020453,367.0,418.0,361.0,807.0,388.0,376.0,544.0,458.0,448.0,459.0,466.0,445.0,367.0,361.0,388.0,544.0,448.0,466.0,-0.67041015625,0.04931640625,0.79248046875,50099.0,-23.780488967895508,-8.414634704589844,-72.92683410644531,50099.0,-14.288192749023438,-6.68927001953125,2.87567138671875,50099.0,0.04356752708554268,-0.10641797631978989,-0.7593652009963989,0.6404229402542114,50099.0,0.0,0.0,92.0
81,1741795502.617668,367.0,418.0,361.0,807.0,388.0,376.0,544.0,459.0,449.0,460.0,467.0,445.0,367.0,361.0,388.0,544.0,448.0,466.0,-0.8115234375,0.251953125,0.78369140625,50140.0,-30.79268455505371,15.914634704589844,16.40243911743164,50140.0,-15.33819580078125,-7.7392578125,1.8256683349609375,50140.0,0.0390545129776001,-0.09643974155187607,-0.7676644921302795,0.632348895072937,50140.0,0.0,0.0,92.0
82,1741795502.6338623,444.0,399.0,406.0,378.0,415.0,365.0,434.0,414.0,392.0,387.0,433.0,451.0,445.0,407.0,414.0,434.0,394.0,434.0,0.115234375,0.0498046875,1.01171875,61056.0,-0.8536585569381714,-10.243902206420898,2.0731706619262695,61056.0,15.057907104492188,-4.2935638427734375,-7.57403564453125,61056.0,0.23250867426395416,-0.505743145942688,0.6254978775978088,0.5467320680618286,61056.0,0.0,1.0,87.0
83,1741795502.6338623,444.0,399.0,406.0,378.0,415.0,365.0,434.0,414.0,392.0,387.0,433.0,451.0,444.0,405.0,417.0,433.0,390.0,432.0,0.12548828125,0.04638671875,1.02294921875,61072.0,-1.8902440071105957,-12.804878234863281,2.7439024448394775,61072.0,17.307907104492188,-3.09356689453125,-8.024032592773438,61072.0,0.2335083782672882,-0.506838321685791,0.6252597570419312,0.5455629825592041,61072.0,0.0,1.0,87.0
84,1741795502.649911,367.0,418.0,361.0,807.0,388.0,376.0,544.0,459.0,449.0,460.0,467.0,445.0,367.0,361.0,388.0,544.0,449.0,467.0,-0.58154296875,0.33154296875,0.8896484375,50165.0,0.8536585569381714,33.475608825683594,55.0,50165.0,-15.038192749023438,-6.68927001953125,1.0756683349609375,50158.0,0.04184575006365776,-0.09207987040281296,-0.7627002000808716,0.6387946009635925,50165.0,0.0,0.0,92.0
85,1741795502.649911,444.0,399.0,406.0,378.0,415.0,365.0,434.0,414.0,392.0,387.0,433.0,451.0,444.0,405.0,417.0,433.0,390.0,432.0,0.13525390625,0.03955078125,1.02783203125,61090.0,-1.5243902206420898,-15.0,2.5609755516052246,61090.0,15.507904052734375,-4.8935699462890625,-6.974029541015625,61081.0,0.2349318265914917,-0.5079763531684875,0.6251695156097412,0.5439946055412292,61090.0,0.0,1.0,87.0
86,1741795502.6654184,367.0,418.0,361.0,807.0,388.0,376.0,544.0,459.0,449.0,460.0,467.0,445.0,367.0,361.0,388.0,544.0,449.0,467.0,0.9306640625,-0.025390625,0.3671875,50189.0,-168.29269409179688,95.12195587158203,-31.524391174316406,50189.0,-16.388198852539062,-7.589263916015625,3.475677490234375,50189.0,0.04898156225681305,-0.07584001868963242,-0.7624809145927429,0.6406807899475098,50189.0,0.0,0.0,92.0
87,1741795502.6779234,445.0,405.0,405.0,382.0,422.0,369.0,433.0,412.0,389.0,385.0,431.0,450.0,444.0,405.0,417.0,433.0,390.0,432.0,0.04541015625,0.04345703125,1.14892578125,61117.0,0.060975611209869385,-32.5,-0.6097561120986938,61117.0,17.15789794921875,-4.4435577392578125,-7.4240264892578125,61117.0,0.2383822500705719,-0.5107160210609436,0.6240832805633545,0.541168212890625,61117.0,0.0,1.0,87.0
88,1741795502.681427,445.0,405.0,405.0,382.0,422.0,369.0,433.0,412.0,389.0,385.0,431.0,450.0,449.0,406.0,430.0,433.0,388.0,431.0,0.12841796875,0.0693359375,1.076171875,61135.0,4.146341323852539,-42.43902587890625,0.4878048896789551,61135.0,17.15789794921875,-3.6935577392578125,-7.4240264892578125,61135.0,0.24320699274539948,-0.513985276222229,0.6229788661003113,0.5371841192245483,61135.0,0.0,1.0,87.0
89,1741795502.6970549,445.0,405.0,405.0,382.0,422.0,369.0,433.0,412.0,389.0,385.0,431.0,450.0,449.0,406.0,430.0,433.0,388.0,431.0,0.06494140625,0.10107421875,1.39013671875,61150.0,16.64634132385254,-99.39024353027344,8.109756469726562,61150.0,16.107894897460938,-3.3935699462890625,-6.5240325927734375,61150.0,0.2525685131549835,-0.5200194120407104,0.621604323387146,0.5285802483558655,61150.0,0.0,1.0,87.0
90,1741795502.6970549,367.0,452.0,361.0,806.0,388.0,377.0,540.0,458.0,438.0,448.0,458.0,436.0,367.0,361.0,388.0,544.0,449.0,467.0,0.9306640625,-0.025390625,0.3671875,50198.0,-168.29269409179688,95.12195587158203,-31.524391174316406,50198.0,-16.388198852539062,-7.589263916015625,3.475677490234375,50189.0,0.04798766225576401,-0.06650424748659134,-0.7639794945716858,0.640007495880127,50198.0,0.0,0.0,92.0
91,1741795502.7126794,445.0,405.0,405.0,382.0,422.0,369.0,433.0,412.0,389.0,385.0,431.0,450.0,449.0,406.0,430.0,433.0,388.0,431.0,0.14208984375,0.05859375,1.298828125,61167.0,20.426830291748047,-156.03659057617188,15.609756469726562,61167.0,14.007904052734375,-2.493560791015625,-8.174026489257812,61159.0,0.2633117437362671,-0.5274158120155334,0.6195687055587769,0.5182960033416748,61167.0,0.0,1.0,87.0
92,1741795502.7126794,455.0,418.0,410.0,393.0,434.0,379.0,434.0,411.0,388.0,384.0,431.0,451.0,449.0,406.0,430.0,433.0,388.0,431.0,0.181640625,0.0986328125,1.53076171875,61183.0,6.7682929039001465,-215.06097412109375,23.963415145874023,61183.0,1791.989013671875,-9728.037109375,16208.0,61175.0,0.2808694541454315,-0.5417623519897461,0.6144392490386963,0.500070333480835,61183.0,0.0,1.0,87.0
93,1741795502.7283006,367.0,452.0,361.0,806.0,388.0,377.0,540.0,458.0,438.0,448.0,458.0,436.0,367.0,361.0,388.0,544.0,449.0,467.0,-0.01025390625,-0.56591796875,2.2392578125,50226.0,-49.14634323120117,140.60975646972656,1.5243902206420898,50226.0,-14.56866455078125,-6.68682861328125,1.0673675537109375,50226.0,0.0635814368724823,-0.016414068639278412,-0.763641357421875,0.6422926187515259,50226.0,0.0,0.0,92.0
94,1741795502.761053,455.0,418.0,410.0,393.0,434.0,379.0,434.0,411.0,388.0,384.0,431.0,451.0,449.0,406.0,430.0,433.0,388.0,431.0,0.13330078125,0.2109375,1.72265625,61199.0,-15.243903160095215,-277.9878234863281,40.0,61199.0,6.65789794921875,-3.244537353515625,-11.924026489257812,61199.0,0.30155855417251587,-0.5622667670249939,0.6053539514541626,0.4758751094341278,61199.0,0.0,1.0,87.0
95,1741795502.7660518,367.0,452.0,361.0,806.0,388.0,377.0,540.0,458.0,438.0,448.0,458.0,436.0,369.0,362.0,388.0,538.0,432.0,452.0,-0.05029296875,-0.08544921875,1.671875,50239.0,-28.84146499633789,129.81707763671875,-10.853658676147461,50239.0,-14.56866455078125,-6.68682861328125,1.0673675537109375,50239.0,0.07296634465456009,-0.00404092762619257,-0.76399165391922,0.6410742998123169,50239.0,0.0,0.0,92.0
96,1741795502.7755556,455.0,418.0,410.0,393.0,434.0,379.0,434.0,411.0,388.0,384.0,431.0,451.0,457.0,413.0,436.0,435.0,389.0,432.0,0.240234375,0.35888671875,2.16943359375,61216.0,-24.329269409179688,-336.5243835449219,54.32926940917969,61216.0,3.8108367919921875,-1.8960113525390625,-12.975494384765625,61216.0,0.32507649064064026,-0.5886108875274658,0.5920776724815369,0.4441918134689331,61216.0,0.0,1.0,87.0
97,1741795502.77806,455.0,418.0,410.0,393.0,434.0,379.0,434.0,411.0,388.0,384.0,431.0,451.0,457.0,413.0,436.0,435.0,389.0,432.0,0.73388671875,0.34423828125,2.21630859375,61232.0,-40.121952056884766,-350.06097412109375,68.17073059082031,61232.0,3.8108367919921875,-1.8960113525390625,-12.975494384765625,61225.0,0.34267932176589966,-0.6101635694503784,0.5799041986465454,0.41710883378982544,61232.0,0.0,1.0,87.0
98,1741795502.791738,457.0,420.0,414.0,395.0,437.0,381.0,434.0,413.0,392.0,387.0,435.0,449.0,457.0,413.0,436.0,435.0,389.0,432.0,0.671875,0.296875,1.62548828125,61248.0,-60.24390411376953,-357.07318115234375,75.36585235595703,61248.0,3.8108367919921875,-1.8960113525390625,-12.975494384765625,61225.0,0.3634326756000519,-0.6401193141937256,0.5603116154670715,0.37975630164146423,61248.0,0.0,1.0,87.0
99,1741795502.791738,457.0,420.0,414.0,395.0,437.0,381.0,434.0,413.0,392.0,387.0,435.0,449.0,457.0,413.0,436.0,435.0,389.0,432.0,0.6611328125,0.35888671875,2.11181640625,61265.0,-108.71951293945312,-329.51220703125,82.92683410644531,61265.0,-3.999420166015625,-0.3950347900390625,-9.686721801757812,61265.0,0.3783484995365143,-0.6710771322250366,0.5364935398101807,0.34450292587280273,61265.0,0.0,1.0,87.0
100,1741795502.838617,457.0,420.0,414.0,395.0,437.0,381.0,434.0,413.0,392.0,387.0,435.0,449.0,457.0,414.0,437.0,433.0,397.0,437.0,-0.05419921875,0.43017578125,1.0576171875,61281.0,-89.51219940185547,-315.243896484375,92.68292999267578,61281.0,-5.9494171142578125,0.3549652099609375,-9.386734008789062,61281.0,0.3878183662891388,-0.6942596435546875,0.5168954730033875,0.3168903589248657,61281.0,0.0,1.0,87.0
101,1741795502.838617,370.0,712.0,362.0,806.0,387.0,377.0,536.0,457.0,428.0,437.0,447.0,424.0,369.0,362.0,388.0,538.0,432.0,452.0,0.0,0.10888671875,1.04248046875,50280.0,-1.0365853309631348,60.24390411376953,-5.487804889678955,50280.0,-13.212799072265625,-9.532913208007812,1.217864990234375,50280.0,0.0930536687374115,0.016967112198472023,-0.7651008367538452,0.636925220489502,50280.0,0.0,0.0,92.0
102,1741795502.854252,457.0,420.0,414.0,395.0,437.0,381.0,434.0,413.0,392.0,387.0,435.0,449.0,457.0,414.0,437.0,433.0,397.0,437.0,-2.06787109375,0.67822265625,0.7021484375,61299.0,-84.93902587890625,-175.3048858642578,99.756103515625,61299.0,-8.812118530273438,-0.248931884765625,-8.040145874023438,61290.0,0.3960092067718506,-0.723277747631073,0.4920274317264557,0.27920401096343994,61299.0,0.0,1.0,87.0
103,1741795502.854252,457.0,416.0,414.0,393.0,432.0,380.0,435.0,416.0,401.0,393.0,440.0,451.0,457.0,414.0,437.0,433.0,397.0,437.0,-1.06005859375,0.701171875,1.365234375,61315.0,10.670731544494629,20.121952056884766,70.9756088256836,61315.0,-11.962112426757812,2.6010589599609375,-5.6401519775390625,61308.0,0.3917362689971924,-0.7301116585731506,0.49016624689102173,0.27058589458465576,61315.0,0.0,1.0,87.0
104,1741795502.8698614,370.0,712.0,362.0,806.0,387.0,377.0,536.0,457.0,428.0,437.0,447.0,424.0,369.0,362.0,387.0,534.0,427.0,445.0,-0.048828125,0.02587890625,1.0810546875,50305.0,-3.7804880142211914,54.085365295410156,-2.378048896789551,50305.0,-13.212799072265625,-11.18292236328125,-0.5821380615234375,50305.0,0.1024852991104126,0.025235841050744057,-0.7665778994560242,0.6334177851676941,50305.0,0.0,0.0,92.0
105,1741795502.8783658,457.0,416.0,414.0,393.0,432.0,380.0,435.0,416.0,401.0,393.0,440.0,451.0,457.0,414.0,437.0,433.0,397.0,437.0,-1.224609375,0.49658203125,0.71533203125,61331.0,19.45121955871582,60.54878234863281,67.92683410644531,61331.0,-12.572372436523438,3.9530181884765625,-3.240142822265625,61331.0,0.38199225068092346,-0.7303192615509033,0.4981807768344879,0.26931697130203247,61331.0,0.0,1.0,87.0
106,1741795502.885869,368.0,575.0,361.0,803.0,386.0,377.0,532.0,456.0,426.0,434.0,444.0,422.0,369.0,362.0,387.0,534.0,427.0,445.0,-0.03466796875,0.0322265625,1.046875,50337.0,-1.585365891456604,21.280488967895508,-1.5243902206420898,50337.0,6.0081024169921875,1.0039215087890625,257.00390625,50337.0,0.10833972692489624,0.029995691031217575,-0.7694673538208008,0.628714919090271,50337.0,0.0,0.0,92.0
107,1741795502.885869,457.0,416.0,414.0,393.0,432.0,380.0,435.0,416.0,401.0,393.0,440.0,451.0,457.0,414.0,432.0,436.0,401.0,441.0,-0.51123046875,0.3349609375,0.58447265625,61348.0,-2.9268293380737305,80.9756088256836,61.95122146606445,61348.0,-12.87237548828125,5.15301513671875,-5.490142822265625,61348.0,0.3697078824043274,-0.7299485206604004,0.5059597492218018,0.2729395031929016,61348.0,0.0,1.0,87.0
108,1741795502.9171197,366.0,458.0,359.0,800.0,385.0,377.0,551.0,492.0,425.0,433.0,444.0,421.0,365.0,360.0,386.0,550.0,425.0,443.0,-0.03515625,0.04541015625,1.01953125,50427.0,-4.329268455505371,5.9146342277526855,0.3048780560493469,50427.0,-15.148635864257812,-11.16827392578125,4.958099365234375,50427.0,0.11263817548751831,0.033825889229774475,-0.7773683667182922,0.6179532408714294,50427.0,0.0,0.0,92.0
109,1741795502.9327424,457.0,416.0,414.0,393.0,432.0,380.0,435.0,416.0,401.0,393.0,440.0,451.0,457.0,414.0,432.0,436.0,401.0,441.0,-0.58203125,0.3837890625,0.486328125,61356.0,-12.317073822021484,83.04878234863281,56.76829528808594,61356.0,-11.222366333007812,5.3030242919921875,-4.1401519775390625,61356.0,0.36335521936416626,-0.7300111651420593,0.5089674592018127,0.27569684386253357,61356.0,0.0,1.0,87.0
110,1741795502.9327424,457.0,416.0,414.0,393.0,432.0,380.0,435.0,416.0,401.0,393.0,440.0,451.0,457.0,414.0,432.0,436.0,401.0,441.0,-0.50830078125,0.47705078125,0.56298828125,61374.0,-4.939024448394775,101.64634704589844,46.09756088256836,61374.0,-11.37237548828125,3.9530181884765625,-4.740142822265625,61374.0,0.3507609963417053,-0.728402853012085,0.5160992741584778,0.2829086184501648,61374.0,0.0,1.0,87.0
111,1741795502.9483666,366.0,458.0,359.0,800.0,385.0,377.0,551.0,492.0,425.0,433.0,444.0,421.0,366.0,359.0,384.0,548.0,424.0,447.0,-0.0419921875,0.04833984375,1.01171875,50459.0,-5.487804889678955,5.182927131652832,-0.060975611209869385,50459.0,-32678.0,-4474.0,10361.0,50459.0,0.11336889117956161,0.035339195281267166,-0.7804194688796997,0.6138755083084106,50459.0,0.0,0.0,92.0
112,1741795502.9483666,457.0,416.0,415.0,394.0,432.0,380.0,436.0,417.0,401.0,393.0,441.0,453.0,457.0,414.0,432.0,436.0,401.0,441.0,-0.4775390625,0.48193359375,0.55908203125,61391.0,18.170732498168945,112.256103515625,36.585365295410156,61391.0,-10.772369384765625,6.0530242919921875,-6.84014892578125,61382.0,0.33945658802986145,-0.7230367064476013,0.5264925956726074,0.29118862748146057,61391.0,0.0,1.0,87.0
113,1741795502.9639897,366.0,458.0,359.0,800.0,385.0,377.0,551.0,492.0,425.0,433.0,444.0,421.0,366.0,359.0,384.0,548.0,424.0,447.0,-0.03125,0.04345703125,1.005859375,50468.0,-5.97560977935791,5.853658676147461,-0.24390244483947754,50468.0,-16.04864501953125,-12.068267822265625,5.10809326171875,50468.0,0.11352499574422836,0.03582686930894852,-0.7811219096183777,0.6129241585731506,50468.0,0.0,0.0,92.0
114,1741795502.9639897,457.0,416.0,415.0,394.0,432.0,380.0,436.0,417.0,401.0,393.0,441.0,453.0,457.0,414.0,432.0,436.0,401.0,441.0,-0.41357421875,0.36181640625,0.669921875,61415.0,60.97561264038086,134.81707763671875,15.731707572937012,61415.0,1549.578125,-1751.076904296875,4.00030517578125,61415.0,0.32953590154647827,-0.713712751865387,0.5400698781013489,0.30057287216186523,61415.0,0.0,1.0,87.0
115,1741795502.9799974,457.0,416.0,415.0,394.0,432.0,380.0,436.0,417.0,401.0,393.0,441.0,453.0,457.0,415.0,432.0,437.0,401.0,442.0,-0.3466796875,0.30419921875,0.873046875,61431.0,81.5243911743164,165.24391174316406,-3.9024391174316406,61431.0,-7.1801910400390625,5.16424560546875,-6.995513916015625,61423.0,0.3176517188549042,-0.6969654560089111,0.5599050521850586,0.3159791827201843,61431.0,0.0,1.0,87.0
116,1741795502.9956248,457.0,416.0,415.0,394.0,432.0,380.0,436.0,417.0,401.0,393.0,441.0,453.0,457.0,415.0,432.0,437.0,401.0,442.0,-0.31494140625,0.2578125,1.068359375,61448.0,95.91463470458984,199.81707763671875,-17.560976028442383,61448.0,-2030.12890625,1514.05078125,-2098.050048828125,61448.0,0.30755314230918884,-0.6789883375167847,0.5779472589492798,0.33220916986465454,61448.0,0.0,1.0,87.0
117,1741795503.0268707,364.0,456.0,359.0,799.0,384.0,376.0,548.0,488.0,424.0,433.0,450.0,421.0,366.0,359.0,384.0,548.0,424.0,447.0,-0.04638671875,0.0263671875,1.01708984375,50504.0,-6.463414669036865,6.829268455505371,-0.18292683362960815,50504.0,-14.398635864257812,-13.41827392578125,4.958099365234375,50504.0,0.1143372654914856,0.03819730877876282,-0.7840826511383057,0.6088356971740723,50504.0,0.0,0.0,92.0
118,1741795503.0424955,457.0,417.0,415.0,394.0,432.0,381.0,437.0,418.0,402.0,394.0,442.0,454.0,457.0,415.0,432.0,437.0,401.0,442.0,-0.22021484375,0.1982421875,1.2158203125,61466.0,107.43902587890625,232.43902587890625,-25.426830291748047,61466.0,-5.2301788330078125,3.9642486572265625,-10.145523071289062,61466.0,0.2957279086112976,-0.6568076610565186,0.5977184176445007,0.3519573211669922,61466.0,0.0,1.0,87.0
119,1741795503.0424955,364.0,456.0,359.0,799.0,384.0,376.0,548.0,488.0,424.0,433.0,450.0,421.0,365.0,359.0,383.0,550.0,424.0,455.0,-0.052734375,0.0283203125,1.01318359375,50517.0,-5.121951103210449,6.036585330963135,-0.060975611209869385,50517.0,-14.848648071289062,-12.66827392578125,3.7581024169921875,50517.0,0.11468943953514099,0.038790132850408554,-0.7852959036827087,0.6071658730506897,50517.0,0.0,0.0,92.0
120,1741795503.0424955,457.0,417.0,415.0,394.0,432.0,381.0,437.0,418.0,402.0,394.0,442.0,454.0,457.0,415.0,432.0,437.0,401.0,442.0,-0.1015625,0.1298828125,1.302734375,61481.0,112.80487823486328,250.73171997070312,-25.18292808532715,61481.0,-5.2301788330078125,5.16424560546875,-8.495513916015625,61481.0,0.2852246165275574,-0.637982189655304,0.6131677031517029,0.36830446124076843,61481.0,0.0,1.0,87.0
121,1741795503.0737412,457.0,417.0,415.0,394.0,432.0,381.0,437.0,418.0,402.0,394.0,442.0,454.0,458.0,415.0,433.0,438.0,402.0,442.0,0.0810546875,0.03857421875,1.35205078125,61497.0,115.79268646240234,259.1463623046875,-20.670732498168945,61497.0,-2.38311767578125,4.1274261474609375,-10.60382080078125,61489.0,0.2693762481212616,-0.6109947562217712,0.6339234113693237,0.39020878076553345,61497.0,0.0,1.0,87.0
122,1741795503.0787466,458.0,418.0,415.0,395.0,433.0,381.0,438.0,418.0,401.0,394.0,442.0,455.0,458.0,415.0,433.0,438.0,402.0,442.0,0.65771484375,-0.095703125,1.39453125,61522.0,119.0243911743164,221.40245056152344,-8.170731544494629,61522.0,1.0668792724609375,1.7274322509765625,-13.303817749023438,61515.0,0.2501141130924225,-0.57701575756073,0.658596932888031,0.41320836544036865,61522.0,0.0,1.0,87.0
123,1741795503.0897527,366.0,735.0,358.0,799.0,383.0,375.0,547.0,487.0,424.0,433.0,476.0,422.0,365.0,359.0,383.0,550.0,424.0,455.0,-0.05126953125,0.029296875,1.015625,50545.0,-2.4390244483947754,3.658536672592163,-0.060975611209869385,50545.0,-13.78985595703125,-12.507522583007812,1.8066253662109375,50545.0,0.11530716717243195,0.03937304764986038,-0.7877688407897949,0.6037980914115906,50545.0,0.0,0.0,92.0
124,1741795503.0897527,458.0,418.0,415.0,395.0,433.0,381.0,438.0,418.0,401.0,394.0,442.0,455.0,458.0,415.0,433.0,438.0,402.0,442.0,0.6826171875,0.01318359375,1.8447265625,61540.0,123.47561645507812,190.73170471191406,-22.560976028442383,61540.0,6.1678619384765625,1.7298736572265625,-13.756256103515625,61540.0,0.2365439385175705,-0.5444339513778687,0.6793754696846008,0.43137797713279724,61540.0,0.0,1.0,87.0
125,1741795503.1053796,458.0,418.0,415.0,395.0,433.0,381.0,438.0,418.0,401.0,394.0,442.0,455.0,458.0,415.0,433.0,438.0,401.0,441.0,1.33203125,0.16455078125,2.037109375,61557.0,117.01219940185547,204.14634704589844,-107.07317352294922,61557.0,7.5178680419921875,-0.3701324462890625,-12.706253051757812,61557.0,0.2311251163482666,-0.5234832167625427,0.688491702079773,0.44556212425231934,61557.0,0.0,1.0,87.0
126,1741795503.1053796,458.0,418.0,415.0,395.0,433.0,381.0,438.0,418.0,401.0,394.0,442.0,455.0,458.0,415.0,433.0,438.0,401.0,441.0,1.78955078125,-0.146484375,1.763671875,61572.0,102.19512176513672,200.06097412109375,-179.8780517578125,61572.0,9.767868041992188,-1.57012939453125,-13.905776977539062,61572.0,0.22792069613933563,-0.4921923279762268,0.6946403980255127,0.47251835465431213,61572.0,0.0,1.0,87.0
127,1741795503.1210036,366.0,735.0,358.0,799.0,383.0,375.0,547.0,487.0,424.0,433.0,476.0,422.0,362.0,357.0,382.0,544.0,424.0,476.0,-0.048828125,0.03515625,1.001953125,50598.0,-1.8902440071105957,2.5,-0.5487805008888245,50598.0,-13.03985595703125,-14.007522583007812,0.60662841796875,50598.0,0.11628241837024689,0.03954121470451355,-0.7930085062980652,0.5966984033584595,50598.0,0.0,0.0,92.0
128,1741795503.1210036,458.0,419.0,415.0,395.0,434.0,381.0,439.0,418.0,401.0,394.0,441.0,455.0,458.0,415.0,433.0,438.0,401.0,441.0,1.88427734375,-0.34228515625,1.7275390625,61589.0,92.13414764404297,195.36585998535156,-193.10975646972656,61589.0,10.967864990234375,-1.57012939453125,-12.705764770507812,61580.0,0.2277669459581375,-0.4606979489326477,0.694231390953064,0.5039071440696716,61589.0,0.0,1.0,87.0
129,1741795503.167873,363.0,603.0,357.0,797.0,381.0,373.0,537.0,468.0,424.0,433.0,935.0,425.0,362.0,357.0,382.0,544.0,424.0,476.0,-0.05517578125,0.03662109375,1.00927734375,50624.0,-0.9146341681480408,2.5609755516052246,-0.4268292784690857,50624.0,-12.739852905273438,-14.45751953125,0.60662841796875,50624.0,0.11695700138807297,0.03962365537881851,-0.7955418825149536,0.5931777358055115,50624.0,0.0,0.0,92.0
130,1741795503.1838825,458.0,419.0,415.0,395.0,434.0,381.0,439.0,418.0,401.0,394.0,441.0,455.0,458.0,415.0,433.0,438.0,401.0,441.0,2.26416015625,-0.87255859375,1.275390625,61606.0,74.32926940917969,202.5,-175.48780822753906,61606.0,15.317855834960938,-2.1701202392578125,-13.755767822265625,61606.0,0.22476640343666077,-0.4302942454814911,0.6922445297241211,0.5339704155921936,61606.0,0.0,1.0,87.0
131,1741795503.1838825,363.0,603.0,357.0,797.0,381.0,373.0,537.0,468.0,424.0,433.0,935.0,425.0,363.0,355.0,380.0,530.0,424.0,933.0,-0.0517578125,0.03515625,1.013671875,50664.0,-0.9756097793579102,2.682926893234253,-0.060975611209869385,50664.0,-12.28985595703125,-14.45751953125,1.8066253662109375,50664.0,0.11800085008144379,0.039368703961372375,-0.7997390031814575,0.5873082876205444,50664.0,0.0,0.0,92.0
132,1741795503.199511,458.0,419.0,415.0,395.0,434.0,381.0,439.0,418.0,401.0,394.0,441.0,455.0,458.0,415.0,434.0,439.0,401.0,441.0,5.4951171875,-2.44287109375,2.1796875,61632.0,-87.92683410644531,59.14634323120117,-69.32926940917969,61632.0,18.902725219726562,-2.0254974365234375,-12.702346801757812,61632.0,0.21373100578784943,-0.4080420136451721,0.6863776445388794,0.5627661347389221,61632.0,0.0,1.0,87.0
133,1741795503.2151341,458.0,419.0,415.0,395.0,434.0,381.0,439.0,418.0,401.0,394.0,441.0,455.0,458.0,415.0,434.0,439.0,401.0,441.0,3.03955078125,-0.94482421875,-0.30126953125,61655.0,-171.03659057617188,-164.2073211669922,11.036585807800293,61655.0,18.902725219726562,-2.0254974365234375,-12.702346801757812,61655.0,0.20450805127620697,-0.43807482719421387,0.6692365407943726,0.5642591714859009,61655.0,0.0,1.0,87.0
134,1741795503.2151341,456.0,413.0,414.0,391.0,429.0,378.0,439.0,419.0,403.0,396.0,441.0,457.0,458.0,415.0,434.0,439.0,401.0,441.0,0.13671875,0.021484375,2.822265625,61672.0,-126.09756469726562,-172.9268341064453,11.341464042663574,61672.0,18.152725219726562,-1.2754974365234375,-13.152359008789062,61672.0,0.2114899754524231,-0.466581255197525,0.6554803848266602,0.5549046397209167,61672.0,0.0,1.0,87.0
135,1741795503.230758,456.0,413.0,414.0,391.0,429.0,378.0,439.0,419.0,403.0,396.0,441.0,457.0,458.0,415.0,434.0,439.0,401.0,441.0,0.51953125,0.19384765625,2.18701171875,61689.0,-55.97561264038086,-176.4634246826172,5.121951103210449,61689.0,17.552719116210938,-0.225494384765625,-13.302352905273438,61689.0,0.22116027772426605,-0.48616254329681396,0.6458180546760559,0.5455759167671204,61689.0,0.0,1.0,87.0
136,1741795503.2463813,360.0,557.0,354.0,793.0,379.0,371.0,526.0,447.0,424.0,433.0,933.0,426.0,358.0,353.0,378.0,528.0,426.0,933.0,-0.05908203125,0.0283203125,1.02734375,50738.0,-2.8048782348632812,12.92682933807373,-0.9146341681480408,50738.0,-10.489852905273438,-14.45751953125,-0.7433624267578125,50738.0,0.12222135066986084,0.042363330721855164,-0.8061730265617371,0.5773628950119019,50738.0,0.0,0.0,92.0
137,1741795503.279131,456.0,413.0,414.0,391.0,429.0,378.0,439.0,419.0,403.0,396.0,441.0,457.0,453.0,413.0,417.0,440.0,403.0,441.0,0.609375,-0.17724609375,2.587890625,61697.0,-28.170732498168945,-87.25609588623047,-9.085366249084473,61697.0,16.502731323242188,0.9745025634765625,-12.552352905273438,61697.0,0.22549059987068176,-0.4922022819519043,0.6421074867248535,0.5427603721618652,61697.0,0.0,1.0,87.0
138,1741795503.279131,456.0,413.0,414.0,391.0,429.0,378.0,439.0,419.0,403.0,396.0,441.0,457.0,453.0,413.0,417.0,440.0,403.0,441.0,0.2216796875,-0.0146484375,1.3408203125,61715.0,-2.6219513416290283,-22.68292808532715,1.8292683362960815,61715.0,17.10272216796875,-0.07550048828125,-11.952346801757812,61715.0,0.2287304550409317,-0.49697333574295044,0.6393075585365295,0.5403570532798767,61715.0,0.0,1.0,87.0
139,1741795503.279131,358.0,418.0,353.0,793.0,377.0,368.0,527.0,447.0,430.0,438.0,934.0,434.0,358.0,353.0,378.0,528.0,426.0,933.0,-0.064453125,0.03125,1.044921875,50766.0,-3.1097562313079834,16.463415145874023,-1.3414634466171265,50766.0,-8.688873291015625,-14.15557861328125,-0.5933685302734375,50758.0,0.12552788853645325,0.04483002424240112,-0.8088417053222656,0.572717547416687,50766.0,0.0,0.0,92.0
140,1741795503.2936347,448.0,399.0,410.0,379.0,414.0,366.0,439.0,419.0,401.0,395.0,439.0,454.0,453.0,413.0,417.0,440.0,403.0,441.0,0.123046875,0.0654296875,1.0576171875,61731.0,-7.134146690368652,-12.743903160095215,1.6463415622711182,61731.0,20.10272216796875,-1.2754974365234375,-8.952346801757812,61724.0,0.2291918396949768,-0.4983249306678772,0.6383689045906067,0.5400263667106628,61731.0,0.0,1.0,87.0
141,1741795503.2936347,358.0,418.0,353.0,793.0,377.0,368.0,527.0,447.0,430.0,438.0,934.0,434.0,361.0,354.0,378.0,530.0,436.0,461.0,-0.0771484375,0.40576171875,1.25537109375,50798.0,12.195121765136719,52.07317352294922,-15.487805366516113,50798.0,-5.54132080078125,-9.363876342773438,-2.2443389892578125,50798.0,0.13367046415805817,0.049361977726221085,-0.8108607530593872,0.5676257610321045,50798.0,0.0,0.0,92.0
142,1741795503.309262,448.0,399.0,410.0,379.0,414.0,366.0,439.0,419.0,401.0,395.0,439.0,454.0,453.0,413.0,417.0,440.0,403.0,441.0,0.1240234375,0.044921875,1.0419921875,61755.0,-5.54878044128418,-5.0,1.097561001777649,61755.0,18175.962890625,13104.00390625,1028.015625,61755.0,0.2290521115064621,-0.5003021955490112,0.6368809938430786,0.5400142669677734,61755.0,0.0,1.0,87.0
143,1741795503.324885,371.0,757.0,358.0,804.0,381.0,371.0,548.0,461.0,443.0,453.0,466.0,444.0,361.0,354.0,378.0,530.0,436.0,461.0,-0.03515625,0.25244140625,1.5986328125,50839.0,-23.475610733032227,158.47561645507812,-35.73170852661133,50839.0,-2.691314697265625,-4.8638763427734375,-7.3443450927734375,50839.0,0.16599294543266296,0.07833583652973175,-0.810735821723938,0.5558928847312927,50839.0,0.0,0.0,92.0
144,1741795503.340511,448.0,399.0,410.0,379.0,414.0,366.0,439.0,419.0,401.0,395.0,439.0,454.0,447.0,409.0,413.0,440.0,400.0,438.0,0.11865234375,0.0478515625,1.02392578125,61772.0,-3.0487804412841797,-1.8292683362960815,1.2804877758026123,61772.0,19.502731323242188,-1.4254913330078125,-7.3023529052734375,61764.0,0.22867073118686676,-0.5008754730224609,0.6362577676773071,0.5403790473937988,61772.0,0.0,1.0,87.0
145,1741795503.340511,371.0,757.0,358.0,804.0,381.0,371.0,548.0,461.0,443.0,453.0,466.0,444.0,372.0,359.0,383.0,560.0,446.0,467.0,0.169921875,0.14501953125,1.462890625,50857.0,-21.64634132385254,168.78048706054688,-45.060977935791016,50857.0,-0.5937652587890625,-3.66778564453125,-9.752151489257812,50857.0,0.1841243952512741,0.09756682068109512,-0.8099032640457153,0.5483023524284363,50857.0,0.0,0.0,92.0
146,1741795503.3561318,448.0,399.0,410.0,379.0,414.0,366.0,439.0,419.0,401.0,395.0,439.0,454.0,447.0,409.0,413.0,440.0,400.0,438.0,0.1103515625,0.05078125,1.013671875,61790.0,-2.012195110321045,-1.4634146690368652,1.0365853309631348,61790.0,18.752731323242188,-2.1754913330078125,-9.552352905273438,61790.0,0.22842642664909363,-0.5012279748916626,0.6358716487884521,0.5406099557876587,61790.0,0.0,1.0,87.0
147,1741795503.3561318,371.0,757.0,358.0,804.0,381.0,371.0,548.0,461.0,443.0,453.0,466.0,444.0,372.0,359.0,383.0,560.0,446.0,467.0,1.65283203125,0.40966796875,1.36865234375,50877.0,-24.14634132385254,111.70732116699219,-53.658538818359375,50877.0,-1.3437652587890625,-4.41778564453125,-10.802154541015625,50877.0,0.20295971632003784,0.12323363870382309,-0.8092466592788696,0.5373459458351135,50877.0,0.0,0.0,92.0
148,1741795503.3717551,445.0,397.0,407.0,377.0,413.0,365.0,439.0,418.0,398.0,392.0,437.0,452.0,447.0,409.0,413.0,440.0,400.0,438.0,0.11376953125,0.04736328125,1.01611328125,61811.0,-0.6707317233085632,-3.47560977935791,0.792682945728302,61811.0,18.452728271484375,-2.6255035400390625,-7.60235595703125,61811.0,0.22850173711776733,-0.5016036629676819,0.6355423927307129,0.5406168699264526,61811.0,0.0,1.0,87.0
149,1741795503.3792589,445.0,397.0,407.0,377.0,413.0,365.0,439.0,418.0,398.0,392.0,437.0,452.0,445.0,407.0,413.0,438.0,397.0,436.0,0.11328125,0.05126953125,1.017578125,61828.0,0.3658536672592163,-4.329268455505371,1.2195122241973877,61828.0,18.752731323242188,-0.975494384765625,-6.85235595703125,61820.0,0.22852496802806854,-0.5019204616546631,0.6351706385612488,0.5407498478889465,61828.0,0.0,1.0,87.0
150,1741795503.387764,367.0,498.0,359.0,805.0,385.0,374.0,546.0,466.0,446.0,456.0,466.0,446.0,372.0,359.0,383.0,560.0,446.0,467.0,2.00830078125,0.75537109375,1.12939453125,50897.0,2.8048782348632812,16.280488967895508,39.817073822021484,50897.0,462.90234375,-1170.34765625,-2537.078125,50897.0,0.20955008268356323,0.1267590969800949,-0.8072801828384399,0.5369539856910706,50897.0,0.0,0.0,92.0
151,1741795503.387764,445.0,397.0,407.0,377.0,413.0,365.0,439.0,418.0,398.0,392.0,437.0,452.0,445.0,407.0,413.0,438.0,397.0,436.0,0.11376953125,0.0546875,1.00439453125,61844.0,1.0365853309631348,-4.634146690368652,0.6097561120986938,61844.0,18.902725219726562,-0.82550048828125,-8.202346801757812,61844.0,0.22884736955165863,-0.5021928548812866,0.6348940134048462,0.5406855344772339,61844.0,0.0,1.0,87.0
152,1741795503.4033906,445.0,397.0,407.0,377.0,413.0,365.0,439.0,418.0,398.0,392.0,437.0,452.0,445.0,407.0,413.0,438.0,397.0,436.0,0.10107421875,0.05712890625,1.00439453125,61859.0,0.9756097793579102,-5.304878234863281,0.9146341681480408,61859.0,18.902725219726562,-0.82550048828125,-8.202346801757812,61859.0,0.22899091243743896,-0.5024613738059998,0.6345779895782471,0.5407462120056152,61859.0,0.0,1.0,87.0
153,1741795503.4033906,367.0,498.0,359.0,805.0,385.0,374.0,546.0,466.0,446.0,456.0,466.0,446.0,367.0,360.0,385.0,547.0,447.0,467.0,1.5068359375,0.689453125,0.888671875,50925.0,48.780487060546875,-36.280487060546875,63.719512939453125,50925.0,0.308197021484375,-5.17169189453125,-11.41046142578125,50917.0,0.21300218999385834,0.1136200875043869,-0.8011464476585388,0.5476174354553223,50925.0,0.0,0.0,92.0
154,1741795503.4190137,367.0,498.0,359.0,805.0,385.0,374.0,546.0,466.0,446.0,456.0,466.0,446.0,367.0,360.0,385.0,547.0,447.0,467.0,1.212890625,0.44287109375,0.95556640625,50940.0,53.78049087524414,-65.60975646972656,69.69512176513672,50940.0,462.90234375,-1170.34765625,-2921.078125,50940.0,0.21135877072811127,0.10261653363704681,-0.7994189858436584,0.5529252886772156,50940.0,0.0,0.0,92.0
155,1741795503.4502604,367.0,498.0,359.0,805.0,385.0,374.0,546.0,466.0,446.0,456.0,466.0,446.0,367.0,360.0,385.0,547.0,447.0,467.0,0.89013671875,0.25830078125,0.98583984375,50957.0,44.32926940917969,-90.18292999267578,78.59756469726562,50957.0,-0.441802978515625,-6.071685791015625,-9.460464477539062,50957.0,0.20586273074150085,0.08667165040969849,-0.7968758344650269,0.5613349080085754,50957.0,0.0,0.0,92.0
156,1741795503.4502604,445.0,399.0,407.0,378.0,414.0,365.0,438.0,417.0,396.0,391.0,436.0,453.0,445.0,407.0,413.0,438.0,397.0,436.0,0.11865234375,0.05322265625,1.001953125,61877.0,-0.3048780560493469,-6.158536911010742,1.7073171138763428,61877.0,19.35272216796875,-1.2754974365234375,-7.002349853515625,61868.0,0.22928902506828308,-0.5031159520149231,0.6340760588645935,0.5406000018119812,61877.0,0.0,1.0,87.0
157,1741795503.4502604,445.0,399.0,407.0,378.0,414.0,365.0,438.0,417.0,396.0,391.0,436.0,453.0,445.0,407.0,415.0,437.0,395.0,435.0,0.11865234375,0.056640625,1.005859375,61894.0,-1.2804877758026123,-6.402439117431641,1.7682926654815674,61894.0,19.502731323242188,-1.8755035400390625,-7.60235595703125,61894.0,0.2294994741678238,-0.5037721991539001,0.6336304545402527,0.5404220819473267,61894.0,0.0,1.0,87.0
158,1741795503.465884,367.0,451.0,360.0,806.0,386.0,375.0,561.0,491.0,447.0,457.0,467.0,447.0,367.0,360.0,385.0,547.0,447.0,467.0,0.56689453125,0.02734375,0.9892578125,50986.0,34.45122146606445,-96.21951293945312,90.30487823486328,50986.0,-2.693267822265625,-6.075592041015625,-10.217788696289062,50986.0,0.1947823017835617,0.06273078173398972,-0.7909197211265564,0.576685905456543,50986.0,0.0,0.0,92.0
159,1741795503.481891,445.0,399.0,407.0,378.0,414.0,365.0,438.0,417.0,396.0,391.0,436.0,453.0,445.0,407.0,415.0,437.0,395.0,435.0,0.1162109375,0.05419921875,1.00341796875,61910.0,-1.158536672592163,-6.341463565826416,1.5243902206420898,61910.0,19.202728271484375,-1.4254913330078125,-7.60235595703125,61910.0,0.22957122325897217,-0.5042980909347534,0.6332072019577026,0.5403971672058105,61910.0,0.0,1.0,87.0
160,1741795503.481891,367.0,451.0,360.0,806.0,386.0,375.0,561.0,491.0,447.0,457.0,467.0,447.0,367.0,361.0,386.0,542.0,448.0,467.0,0.51708984375,0.00634765625,0.9951171875,50997.0,28.780488967895508,-91.28048706054688,93.17073059082031,50997.0,-3.8932647705078125,-5.17559814453125,-8.867782592773438,50997.0,0.18905672430992126,0.0517737902700901,-0.7871496081352234,0.5847759246826172,50997.0,0.0,0.0,92.0
161,1741795503.481891,445.0,401.0,406.0,379.0,416.0,366.0,437.0,415.0,394.0,390.0,434.0,452.0,445.0,407.0,415.0,437.0,395.0,435.0,0.12109375,0.04736328125,1.0029296875,61934.0,0.8536585569381714,-5.243902683258057,1.3414634466171265,61934.0,20.10272216796875,-1.2754974365234375,-6.7023468017578125,61934.0,0.22967255115509033,-0.5050570368766785,0.6324039101600647,0.540585994720459,61934.0,0.0,1.0,87.0
162,1741795503.4975188,445.0,401.0,406.0,379.0,416.0,366.0,437.0,415.0,394.0,390.0,434.0,452.0,445.0,407.0,415.0,437.0,395.0,435.0,0.1259765625,0.056640625,1.001953125,61952.0,1.097561001777649,-4.634146690368652,1.2804877758026123,61952.0,19.35272216796875,-2.0254974365234375,-5.9523468017578125,61952.0,0.22981266677379608,-0.5053883790969849,0.632058322429657,0.5406209826469421,61952.0,0.0,1.0,87.0
163,1741795503.4975188,367.0,451.0,360.0,806.0,386.0,375.0,561.0,491.0,447.0,457.0,467.0,447.0,367.0,361.0,386.0,542.0,448.0,467.0,0.37255859375,0.0107421875,1.10302734375,51019.0,18.719512939453125,-71.5243911743164,93.9024429321289,51019.0,-9.767776489257812,1.0039215087890625,257.00390625,51019.0,0.18056748807430267,0.035976193845272064,-0.7799138426780701,0.59819096326828,51019.0,0.0,0.0,92.0
164,1741795503.513142,445.0,401.0,406.0,379.0,416.0,366.0,437.0,415.0,394.0,390.0,434.0,452.0,444.0,406.0,417.0,437.0,392.0,433.0,0.1279296875,0.05908203125,1.0107421875,61969.0,1.8292683362960815,-3.7804880142211914,1.5243902206420898,61969.0,20.252731323242188,-2.1754913330078125,-5.6523590087890625,61969.0,0.2299426943063736,-0.5056027770042419,0.6318359375,0.5406250953674316,61969.0,0.0,1.0,87.0
165,1741795503.5287662,367.0,441.0,361.0,806.0,387.0,376.0,543.0,456.0,448.0,459.0,468.0,447.0,367.0,361.0,386.0,542.0,448.0,467.0,0.40283203125,0.10302734375,1.24560546875,51046.0,11.768293380737305,-91.15853881835938,103.3536605834961,51046.0,-6.443267822265625,-5.6255950927734375,-8.117782592773438,51037.0,0.1684059202671051,0.017502423375844955,-0.7698614001274109,0.6153419017791748,51046.0,0.0,0.0,92.0
166,1741795503.544389,367.0,441.0,361.0,806.0,387.0,376.0,543.0,456.0,448.0,459.0,468.0,447.0,367.0,361.0,386.0,542.0,448.0,467.0,0.31640625,0.14697265625,1.24951171875,51066.0,12.195121765136719,-93.9024429321289,98.84146881103516,51066.0,-8.693267822265625,-4.2755889892578125,-5.8677825927734375,51066.0,0.15862220525741577,0.004403278231620789,-0.7629584670066833,0.6266686916351318,51066.0,0.0,0.0,92.0
167,1741795503.560012,445.0,401.0,406.0,379.0,416.0,366.0,437.0,415.0,394.0,390.0,434.0,452.0,444.0,406.0,417.0,437.0,392.0,433.0,0.12548828125,0.056640625,1.01416015625,61986.0,1.4634146690368652,-3.5365853309631348,1.7073171138763428,61986.0,20.252731323242188,-3.82550048828125,-6.10235595703125,61986.0,0.2302444577217102,-0.5056894421577454,0.6318626999855042,0.5403842926025391,61986.0,0.0,1.0,87.0
168,1741795503.560012,367.0,441.0,361.0,806.0,387.0,376.0,543.0,456.0,448.0,459.0,468.0,447.0,367.0,361.0,387.0,544.0,449.0,468.0,0.291015625,0.17529296875,1.29296875,51078.0,12.62195110321045,-92.80487823486328,89.32926940917969,51078.0,-9.000106811523438,-5.47607421875,-6.0221710205078125,51078.0,0.1513637900352478,-0.0051870932802557945,-0.7583322525024414,0.6340301036834717,51078.0,0.0,0.0,92.0
169,1741795503.5756378,444.0,402.0,405.0,379.0,417.0,366.0,436.0,413.0,391.0,387.0,432.0,451.0,444.0,406.0,417.0,437.0,392.0,433.0,0.125,0.0595703125,1.0087890625,62003.0,0.4268292784690857,-3.9024391174316406,1.585365891456604,62003.0,19.35272216796875,-3.225494384765625,-6.252349853515625,62003.0,0.23043261468410492,-0.5058320760726929,0.6318212747573853,0.5402190089225769,62003.0,0.0,1.0,87.0
170,1741795503.5916448,367.0,440.0,361.0,807.0,387.0,376.0,543.0,457.0,449.0,460.0,468.0,448.0,367.0,361.0,387.0,544.0,449.0,468.0,0.1806640625,0.2177734375,1.29345703125,51106.0,10.792683601379395,-94.08536529541016,47.9878044128418,51106.0,-10.500106811523438,-4.42608642578125,-4.9721832275390625,51106.0,0.13595935702323914,-0.02384503372013569,-0.7518746852874756,0.6446943879127502,51106.0,0.0,0.0,92.0
171,1741795503.5916448,444.0,402.0,405.0,379.0,417.0,366.0,436.0,413.0,391.0,387.0,432.0,451.0,443.0,404.0,418.0,435.0,390.0,431.0,0.1279296875,0.056640625,1.01123046875,62053.0,-2.682926893234253,-5.487804889678955,2.317073345184326,62053.0,5261.5,-710.5234375,-1331.800048828125,62053.0,0.23027989268302917,-0.5076403021812439,0.6305932998657227,0.5400227308273315,62053.0,0.0,1.0,87.0
172,1741795503.6075711,367.0,440.0,361.0,807.0,387.0,376.0,543.0,457.0,449.0,460.0,468.0,448.0,367.0,361.0,387.0,544.0,449.0,468.0,0.111328125,0.287109375,1.28173828125,51125.0,15.0,-86.4024429321289,18.780488967895508,51125.0,-10.200103759765625,-5.17608642578125,-6.17218017578125,51118.0,0.12428447604179382,-0.037922218441963196,-0.7502748370170593,0.6482306122779846,51125.0,0.0,0.0,92.0
173,1741795503.6075711,443.0,404.0,404.0,380.0,420.0,367.0,433.0,411.0,389.0,385.0,430.0,449.0,443.0,404.0,418.0,435.0,390.0,431.0,0.130859375,0.0595703125,1.015625,62069.0,-3.5975611209869385,-6.280488014221191,2.5,62069.0,20.552719116210938,-2.7754974365234375,-5.2023468017578125,62069.0,0.23018969595432281,-0.5085824131965637,0.629970133304596,0.5399020910263062,62069.0,0.0,1.0,87.0
174,1741795503.6232004,367.0,440.0,361.0,807.0,387.0,376.0,543.0,457.0,449.0,460.0,468.0,448.0,367.0,361.0,388.0,544.0,450.0,469.0,0.05712890625,0.2529296875,1.33251953125,51146.0,11.707317352294922,-85.42683410644531,-7.682927131652832,51146.0,-12.753036499023438,-3.67559814453125,-5.2731475830078125,51146.0,0.11602120846509933,-0.04816659539937973,-0.7516559362411499,0.6474815607070923,51146.0,0.0,0.0,92.0
175,1741795503.6388233,367.0,440.0,361.0,807.0,387.0,376.0,543.0,457.0,449.0,460.0,468.0,448.0,367.0,361.0,388.0,544.0,450.0,469.0,-0.017578125,0.26123046875,1.29443359375,51166.0,-6.402439117431641,-88.53659057617188,-32.80487823486328,51166.0,-13.953033447265625,-4.8755950927734375,-1.823150634765625,51158.0,0.10333982110023499,-0.058425940573215485,-0.7574067115783691,0.6420609951019287,51166.0,0.0,0.0,92.0
176,1741795503.6544461,443.0,404.0,404.0,380.0,420.0,367.0,433.0,411.0,389.0,385.0,430.0,449.0,444.0,404.0,423.0,432.0,388.0,430.0,0.1328125,0.05810546875,1.01416015625,62103.0,-3.7804880142211914,-8.109756469726562,2.0731706619262695,62103.0,19.502731323242188,-3.3755035400390625,-6.10235595703125,62096.0,0.23040594160556793,-0.5103208422660828,0.6289585828781128,0.5393486022949219,62103.0,0.0,1.0,87.0
177,1741795503.6700697,367.0,439.0,361.0,807.0,388.0,376.0,544.0,457.0,450.0,461.0,469.0,448.0,367.0,361.0,388.0,544.0,450.0,469.0,-0.0888671875,0.32958984375,1.287109375,51178.0,-7.0731706619262695,-87.01219940185547,-59.5121955871582,51178.0,27903.9765625,29695.986328125,-8447.99609375,51178.0,0.09539196640253067,-0.06353192776441574,-0.7627495527267456,0.6364566683769226,51178.0,0.0,0.0,92.0
178,1741795503.686082,367.0,439.0,361.0,807.0,388.0,376.0,544.0,457.0,450.0,461.0,469.0,448.0,367.0,361.0,388.0,544.0,450.0,469.0,-0.0888671875,0.4423828125,1.3291015625,51198.0,21.524391174316406,-107.62195587158203,-77.3780517578125,51198.0,-15.753036499023438,-4.7255859375,-2.2731475830078125,51198.0,0.08548543602228165,-0.07313615828752518,-0.7712928652763367,0.6264585852622986,51198.0,0.0,0.0,92.0
179,1741795503.686082,443.0,404.0,404.0,380.0,420.0,367.0,433.0,411.0,389.0,385.0,430.0,449.0,444.0,404.0,423.0,432.0,388.0,430.0,0.138671875,0.05029296875,1.01318359375,62119.0,-4.146341323852539,-10.12195110321045,1.4024391174316406,62119.0,21.452728271484375,-3.3755035400390625,-5.35235595703125,62119.0,0.23067325353622437,-0.5115015506744385,0.6281965374946594,0.5390037894248962,62119.0,0.0,1.0,87.0
180,1741795503.7017086,367.0,439.0,361.0,807.0,388.0,376.0,544.0,457.0,450.0,461.0,469.0,448.0,367.0,361.0,388.0,544.0,450.0,469.0,-0.21630859375,0.349609375,1.18212890625,51219.0,54.26829528808594,-133.2926788330078,-82.25609588623047,51219.0,27903.978515625,16639.994140625,4864.00390625,51219.0,0.07326451689004898,-0.09417439252138138,-0.7825403809547424,0.61105877161026,51219.0,0.0,0.0,92.0
181,1741795503.7173324,443.0,404.0,404.0,380.0,420.0,367.0,433.0,411.0,389.0,385.0,430.0,449.0,444.0,404.0,423.0,432.0,388.0,430.0,0.13525390625,0.05126953125,1.02490234375,62136.0,-2.1341464519500732,-13.780488014221191,1.4024391174316406,62136.0,5453.5,-1017.72265625,-1331.800048828125,62136.0,0.2313481718301773,-0.5128166675567627,0.6274199485778809,0.5383691191673279,62136.0,0.0,1.0,87.0
182,1741795503.7173324,445.0,410.0,404.0,385.0,426.0,372.0,432.0,411.0,388.0,383.0,429.0,447.0,444.0,404.0,423.0,432.0,388.0,430.0,0.14599609375,0.0439453125,1.0380859375,62152.0,-0.9756097793579102,-18.109756469726562,1.585365891456604,62152.0,20.702728271484375,-3.82550048828125,-6.10235595703125,62143.0,0.23257413506507874,-0.5143117904663086,0.6266826391220093,0.5372722148895264,62152.0,0.0,1.0,87.0
183,1741795503.7173324,367.0,439.0,361.0,807.0,388.0,376.0,544.0,457.0,450.0,461.0,469.0,448.0,367.0,361.0,388.0,544.0,450.0,469.0,-0.412109375,0.21044921875,1.029296875,51238.0,67.92683410644531,-125.79268646240234,-82.01219940185547,51238.0,-16.645217895507812,-7.1251068115234375,0.8773345947265625,51238.0,0.0653403177857399,-0.11342976242303848,-0.7906838655471802,0.5980637669563293,51238.0,0.0,0.0,92.0
184,1741795503.732956,445.0,410.0,404.0,385.0,426.0,372.0,432.0,411.0,388.0,383.0,429.0,447.0,447.0,405.0,431.0,431.0,387.0,429.0,0.15234375,0.0322265625,1.00341796875,62174.0,1.8292683362960815,-22.560976028442383,2.317073345184326,62174.0,-19481.0,-1670.0001220703125,-6707.8125,62174.0,0.2345602661371231,-0.515877902507782,0.6261412501335144,0.5355358123779297,62174.0,0.0,1.0,87.0
185,1741795503.7485788,367.0,441.0,362.0,807.0,388.0,376.0,544.0,458.0,450.0,462.0,469.0,449.0,367.0,361.0,388.0,544.0,450.0,469.0,-0.5576171875,-0.0029296875,1.0517578125,51259.0,81.46341705322266,-107.3780517578125,-72.68292999267578,51259.0,-7.575103759765625,1.6273345947265625,1.01568603515625,51259.0,0.05925688147544861,-0.13729548454284668,-0.7991510033607483,0.5822274684906006,51259.0,0.0,0.0,92.0
186,1741795503.7485788,445.0,410.0,404.0,385.0,426.0,372.0,432.0,411.0,388.0,383.0,429.0,447.0,447.0,405.0,431.0,431.0,387.0,429.0,0.16162109375,0.0634765625,1.02880859375,62193.0,0.9756097793579102,-29.93902587890625,3.353658676147461,62193.0,19.502731323242188,-3.82550048828125,-6.5523529052734375,62193.0,0.2376103699207306,-0.5184668898582458,0.6252349615097046,0.5327425599098206,62193.0,0.0,1.0,87.0
187,1741795503.7485788,451.0,417.0,406.0,391.0,434.0,378.0,431.0,410.0,387.0,382.0,429.0,445.0,447.0,405.0,431.0,431.0,387.0,429.0,0.1640625,0.05419921875,1.03466796875,62210.0,1.7073171138763428,-33.04878234863281,4.02439022064209,62210.0,-4.8755035400390625,-5.2023468017578125,12289.00390625,62210.0,0.24055032432079315,-0.521159291267395,0.6242560148239136,0.5299367904663086,62210.0,0.0,1.0,87.0
188,1741795503.7642024,367.0,441.0,362.0,807.0,388.0,376.0,544.0,458.0,450.0,462.0,469.0,449.0,368.0,362.0,388.0,544.0,450.0,470.0,-0.77685546875,-0.2802734375,0.96240234375,51278.0,58.414634704589844,-105.06098175048828,-47.8658561706543,51278.0,-17.995223999023438,-7.42510986328125,1.7773284912109375,51278.0,0.053463492542505264,-0.15481863915920258,-0.8037716150283813,0.5719454884529114,51278.0,0.0,0.0,92.0
189,1741795503.779707,367.0,441.0,362.0,807.0,388.0,376.0,544.0,458.0,450.0,462.0,469.0,449.0,368.0,362.0,388.0,544.0,450.0,470.0,-0.89501953125,-0.318359375,0.91748046875,51286.0,41.280487060546875,-97.80487823486328,-34.57316970825195,51286.0,-17.995223999023438,-7.42510986328125,1.7773284912109375,51278.0,0.049740955233573914,-0.16194047033786774,-0.8053704500198364,0.5680475831031799,51286.0,0.0,0.0,92.0
190,1741795503.7953365,367.0,441.0,362.0,807.0,388.0,376.0,544.0,458.0,450.0,462.0,469.0,449.0,368.0,362.0,388.0,544.0,450.0,470.0,-1.13525390625,-0.2509765625,0.8310546875,51306.0,9.57317066192627,-71.95121765136719,-7.195122241973877,51306.0,-16.484481811523438,-7.42266845703125,3.57342529296875,51306.0,0.0416734516620636,-0.17154408991336823,-0.8072411417961121,0.5632023811340332,51306.0,0.0,0.0,92.0
191,1741795503.8109584,451.0,417.0,406.0,391.0,434.0,378.0,431.0,410.0,387.0,382.0,429.0,445.0,447.0,405.0,431.0,431.0,387.0,429.0,0.197265625,0.05810546875,1.03564453125,62236.0,1.2195122241973877,-45.73170852661133,5.487804889678955,62236.0,18.152725219726562,-2.7754974365234375,-4.752349853515625,62236.0,0.24600915610790253,-0.5264124870300293,0.6223270297050476,0.5244792699813843,62236.0,0.0,1.0,87.0
192,1741795503.8265824,451.0,417.0,406.0,391.0,434.0,378.0,431.0,410.0,387.0,382.0,429.0,445.0,454.0,408.0,436.0,431.0,388.0,429.0,0.20849609375,0.0576171875,1.03515625,62253.0,0.3658536672592163,-50.4878044128418,6.219512462615967,62253.0,18.60272216796875,-5.1754913330078125,-7.752349853515625,62253.0,0.2504899501800537,-0.5306243896484375,0.6208235621452332,0.5198710560798645,62253.0,0.0,1.0,87.0
193,1741795503.8422058,368.0,441.0,362.0,807.0,388.0,376.0,544.0,458.0,451.0,462.0,471.0,449.0,368.0,362.0,388.0,544.0,450.0,470.0,-1.37548828125,-0.04931640625,0.716796875,51335.0,-2.987804889678955,-31.34146499633789,34.024391174316406,51335.0,-19.03448486328125,-10.122665405273438,2.5234222412109375,51335.0,0.03061959519982338,-0.17863866686820984,-0.8054280877113342,0.5643007159233093,51335.0,0.0,0.0,92.0
194,1741795503.857829,451.0,417.0,406.0,391.0,434.0,378.0,431.0,410.0,387.0,382.0,429.0,445.0,454.0,408.0,436.0,431.0,388.0,429.0,0.20654296875,0.04638671875,1.041015625,62270.0,0.6097561120986938,-61.70731735229492,5.365853786468506,62270.0,17.552719116210938,-1.4254913330078125,-7.3023529052734375,62262.0,0.2556929588317871,-0.5355159044265747,0.6187741756439209,0.5147436261177063,62270.0,0.0,1.0,87.0
195,1741795503.857829,456.0,421.0,410.0,395.0,437.0,382.0,431.0,410.0,387.0,381.0,430.0,444.0,454.0,408.0,436.0,431.0,388.0,429.0,0.22607421875,0.060546875,1.10009765625,62295.0,4.939024448394775,-82.56097412109375,4.756097793579102,62295.0,179.9999542236328,-11500.0,-23091.8125,62295.0,0.26424866914749146,-0.542624831199646,0.6156242489814758,0.5066928863525391,62295.0,0.0,1.0,87.0
196,1741795503.857829,368.0,441.0,362.0,807.0,388.0,376.0,544.0,458.0,451.0,462.0,471.0,449.0,368.0,362.0,388.0,544.0,451.0,471.0,-1.25439453125,-0.005859375,0.80810546875,51366.0,1.4634146690368652,24.878049850463867,69.39024353027344,51366.0,-19.484481811523438,-8.622665405273438,3.57342529296875,51357.0,0.029989201575517654,-0.177488312125206,-0.7966719269752502,0.5769818425178528,51366.0,0.0,0.0,92.0
197,1741795503.8799558,456.0,421.0,410.0,395.0,437.0,382.0,431.0,410.0,387.0,381.0,430.0,444.0,457.0,412.0,438.0,431.0,387.0,430.0,0.259765625,0.10888671875,1.220703125,62320.0,4.2682929039001465,-126.15853881835938,10.42682933807373,62320.0,11.657806396484375,-2.7847747802734375,-10.914077758789062,62320.0,0.27909284830093384,-0.5542075037956238,0.610572874546051,0.49209946393966675,62320.0,0.0,1.0,87.0
198,1741795503.8799558,368.0,441.0,362.0,807.0,388.0,376.0,544.0,458.0,451.0,462.0,471.0,449.0,368.0,362.0,388.0,544.0,451.0,471.0,-1.14599609375,0.0517578125,0.87353515625,51375.0,5.121951103210449,31.58536720275879,75.79268646240234,51375.0,-20.384475708007812,-9.22265625,4.173431396484375,51375.0,0.0331893265247345,-0.173814594745636,-0.7941718697547913,0.5813528299331665,51375.0,0.0,0.0,92.0
199,1741795503.8894591,456.0,421.0,410.0,395.0,437.0,382.0,431.0,410.0,387.0,381.0,430.0,444.0,457.0,412.0,438.0,431.0,387.0,430.0,0.2998046875,0.15771484375,1.38525390625,62338.0,-3.9634146690368652,-175.5487823486328,20.0,62338.0,11.05780029296875,-0.6847686767578125,-11.36407470703125,62329.0,0.2921719551086426,-0.5663174986839294,0.6049336194992065,0.47746121883392334,62338.0,0.0,1.0,87.0
200,1741795503.9050882,458.0,422.0,414.0,396.0,438.0,382.0,431.0,411.0,388.0,382.0,431.0,445.0,457.0,412.0,438.0,431.0,387.0,430.0,0.3037109375,0.28515625,1.650390625,62353.0,-10.97560977935791,-206.21951293945312,27.317073822021484,62353.0,-1536.052001953125,-1743.99609375,257.00390625,62353.0,0.3085787892341614,-0.5840111970901489,0.5963200330734253,0.45619338750839233,62353.0,0.0,1.0,87.0
201,1741795503.9050882,368.0,441.0,362.0,807.0,388.0,377.0,543.0,458.0,449.0,460.0,470.0,448.0,369.0,362.0,388.0,539.0,436.0,459.0,-0.37255859375,0.1728515625,1.82177734375,51424.0,-197.3780517578125,223.41464233398438,-1.8902440071105957,51424.0,-18.28448486328125,-7.42266845703125,3.2734222412109375,51424.0,0.05802784115076065,-0.06116706505417824,-0.8069379329681396,0.5845794081687927,51424.0,0.0,0.0,92.0
202,1741795503.9050882,458.0,422.0,414.0,396.0,438.0,382.0,431.0,411.0,388.0,382.0,431.0,445.0,457.0,412.0,438.0,431.0,387.0,430.0,0.3720703125,0.13720703125,1.82177734375,62371.0,-22.80487823486328,-290.5487976074219,50.97561264038086,62371.0,6.56072998046875,-0.3813629150390625,-13.466506958007812,62371.0,0.32887211441993713,-0.6095322966575623,0.5824680328369141,0.4254918694496155,62371.0,0.0,1.0,87.0
203,1741795503.9207098,458.0,422.0,414.0,396.0,438.0,382.0,431.0,411.0,388.0,382.0,431.0,445.0,458.0,415.0,438.0,432.0,390.0,433.0,0.4404296875,0.70458984375,2.13671875,62387.0,-40.121952056884766,-380.0,84.93902587890625,62387.0,4.910736083984375,0.9686431884765625,-11.816513061523438,62387.0,0.345472127199173,-0.6325750350952148,0.5685755610466003,0.39650893211364746,62387.0,0.0,1.0,87.0
204,1741795503.9207098,368.0,441.0,362.0,807.0,388.0,377.0,543.0,458.0,449.0,460.0,470.0,448.0,369.0,362.0,388.0,539.0,436.0,459.0,-0.1611328125,-0.28466796875,1.94970703125,51445.0,-75.54878234863281,188.59756469726562,6.829268455505371,51445.0,-19.03448486328125,-6.67266845703125,2.07342529296875,51436.0,0.07870963960886002,-0.02189570851624012,-0.802962601184845,0.5903992652893066,51445.0,0.0,0.0,92.0
205,1741795503.9519563,368.0,429.0,362.0,806.0,388.0,378.0,535.0,455.0,430.0,439.0,449.0,426.0,369.0,362.0,388.0,539.0,436.0,459.0,-0.2685546875,-0.05615234375,1.92626953125,51465.0,-27.560976028442383,149.02439880371094,2.5,51465.0,-16.634475708007812,-11.92266845703125,0.1234283447265625,51465.0,0.09525678306818008,-0.0035980185493826866,-0.8013777732849121,0.590509831905365,51465.0,0.0,0.0,92.0
206,1741795503.9519563,458.0,422.0,414.0,396.0,438.0,382.0,431.0,411.0,388.0,382.0,431.0,445.0,458.0,415.0,438.0,432.0,390.0,433.0,1.06689453125,0.43359375,2.94677734375,62402.0,-43.719512939453125,-402.43902587890625,103.78048706054688,62402.0,27903.99609375,-21248.048828125,13104.00390625,62394.0,0.3671027719974518,-0.6647091507911682,0.5480723977088928,0.35073351860046387,62402.0,0.0,1.0,87.0
207,1741795503.9675803,368.0,429.0,362.0,806.0,388.0,378.0,535.0,455.0,430.0,439.0,449.0,426.0,369.0,362.0,388.0,539.0,436.0,459.0,-0.08740234375,0.04833984375,1.18896484375,51478.0,-12.134146690368652,93.41463470458984,-1.8902440071105957,51478.0,-17.084487915039062,-13.122665405273438,0.8734283447265625,51478.0,0.10405068099498749,0.004529700614511967,-0.8011805415153503,0.5892853140830994,51478.0,0.0,0.0,92.0
208,1741795503.9675803,458.0,422.0,416.0,396.0,438.0,382.0,431.0,413.0,393.0,388.0,436.0,445.0,458.0,415.0,438.0,432.0,390.0,433.0,0.97998046875,0.26025390625,2.40234375,62419.0,-61.82926940917969,-390.0,120.97561645507812,62419.0,-0.0397491455078125,-0.229400634765625,-12.271881103515625,62411.0,0.3813391923904419,-0.6877488493919373,0.5316099524497986,0.3145993947982788,62419.0,0.0,1.0,87.0
209,1741795503.9800837,458.0,422.0,416.0,396.0,438.0,382.0,431.0,413.0,393.0,388.0,436.0,445.0,458.0,415.0,438.0,432.0,390.0,433.0,0.28369140625,0.75830078125,2.85693359375,62435.0,-60.54878234863281,-389.57318115234375,127.19512176513672,62435.0,-8.596588134765625,2.17352294921875,-11.078720092773438,62435.0,0.3963940441608429,-0.7167845368385315,0.5077987313270569,0.26689350605010986,62435.0,0.0,1.0,87.0
210,1741795503.9835875,368.0,429.0,362.0,806.0,388.0,378.0,535.0,455.0,430.0,439.0,449.0,426.0,367.0,362.0,387.0,552.0,426.0,445.0,-0.19091796875,0.0634765625,1.1337890625,51497.0,-1.3414634466171265,44.8780517578125,-2.987804889678955,51497.0,11519.9482421875,13056.0068359375,-159.99217224121094,51497.0,0.11471139639616013,0.0138540118932724,-0.8017416000366211,0.5863859057426453,51497.0,0.0,0.0,92.0
211,1741795503.999214,368.0,429.0,362.0,806.0,388.0,378.0,535.0,455.0,430.0,439.0,449.0,426.0,367.0,362.0,387.0,552.0,426.0,445.0,-0.06884765625,0.05322265625,1.04248046875,51516.0,-4.695122241973877,12.682927131652832,0.9146341681480408,51516.0,-19.334487915039062,-12.67266845703125,5.673431396484375,51506.0,0.11656058579683304,0.015470383688807487,-0.8025063276290894,0.5849342346191406,51516.0,0.0,0.0,92.0
212,1741795504.0148401,458.0,422.0,416.0,396.0,438.0,382.0,431.0,413.0,393.0,388.0,436.0,445.0,458.0,415.0,438.0,432.0,399.0,438.0,-1.18310546875,0.64013671875,1.1923828125,62452.0,17.19512176513672,-375.6097717285156,134.8780517578125,62452.0,-10.103912353515625,3.3764495849609375,-7.3340911865234375,62452.0,0.4107442796230316,-0.7389076352119446,0.48867273330688477,0.21564655005931854,62452.0,0.0,1.0,87.0
213,1741795504.0148401,458.0,422.0,416.0,396.0,438.0,382.0,431.0,413.0,393.0,388.0,436.0,445.0,458.0,415.0,438.0,432.0,399.0,438.0,-1.1533203125,0.65673828125,2.3544921875,62470.0,-22.19512176513672,-224.14634704589844,223.53659057617188,62470.0,-13.253921508789062,1.42645263671875,-5.6840972900390625,62461.0,0.41356125473976135,-0.7598302364349365,0.4732077419757843,0.1664317101240158,62470.0,0.0,1.0,87.0
214,1741795504.0304615,365.0,425.0,360.0,800.0,385.0,377.0,530.0,454.0,426.0,434.0,447.0,422.0,367.0,362.0,387.0,552.0,426.0,445.0,-0.03759765625,0.06103515625,1.0283203125,51543.0,-4.2682929039001465,5.243902683258057,0.12195122241973877,51543.0,-20.234481811523438,-14.022659301757812,3.57342529296875,51543.0,0.11775560677051544,0.01700694113969803,-0.8046585917472839,0.5816888213157654,51543.0,0.0,0.0,92.0
215,1741795504.0304615,457.0,417.0,415.0,395.0,434.0,381.0,434.0,416.0,403.0,394.0,441.0,451.0,458.0,415.0,438.0,432.0,399.0,438.0,-0.71142578125,0.84423828125,2.8310546875,62486.0,44.45122146606445,-53.963417053222656,215.4268341064453,62486.0,-16639.982421875,13311.986328125,-24783.994140625,62486.0,0.39420413970947266,-0.7689757347106934,0.48234057426452637,0.14362020790576935,62486.0,0.0,1.0,87.0
216,1741795504.0460844,365.0,425.0,360.0,800.0,385.0,377.0,530.0,454.0,426.0,434.0,447.0,422.0,366.0,358.0,383.0,528.0,425.0,932.0,-0.044921875,0.05224609375,1.0224609375,51556.0,-5.182927131652832,4.5731706619262695,0.060975611209869385,51556.0,-21.584487915039062,-13.872665405273438,3.7234344482421875,51556.0,0.11795339733362198,0.01762084662914276,-0.80556720495224,0.5803720951080322,51556.0,0.0,0.0,92.0
217,1741795504.0460844,457.0,417.0,415.0,395.0,434.0,381.0,434.0,416.0,403.0,394.0,441.0,451.0,458.0,415.0,438.0,432.0,399.0,438.0,-1.0439453125,0.28515625,0.79345703125,62503.0,43.719512939453125,134.2073211669922,138.35366821289062,62503.0,-17.012710571289062,3.3749847412109375,-2.6850738525390625,62503.0,0.37109068036079407,-0.7701011896133423,0.49894505739212036,0.14244163036346436,62503.0,0.0,1.0,87.0
218,1741795504.0617075,457.0,417.0,415.0,395.0,434.0,381.0,434.0,416.0,403.0,394.0,441.0,451.0,458.0,415.0,434.0,434.0,403.0,442.0,-0.33447265625,0.39697265625,0.5830078125,62519.0,-41.76829528808594,143.2926788330078,86.15853881835938,62519.0,9728.0185546875,-26112.0078125,1584.006103515625,62512.0,0.35491350293159485,-0.7725274562835693,0.5047690868377686,0.14981885254383087,62519.0,0.0,1.0,87.0
219,1741795504.0617075,365.0,425.0,360.0,800.0,385.0,377.0,530.0,454.0,426.0,434.0,447.0,422.0,366.0,358.0,383.0,528.0,425.0,932.0,-0.03759765625,0.04541015625,1.0234375,51584.0,-6.158536911010742,5.365853786468506,-0.4878048896789551,51584.0,-20.384475708007812,-15.072662353515625,0.8734283447265625,51584.0,0.11830244213342667,0.01901126839220524,-0.8078657388687134,0.5770543813705444,51584.0,0.0,0.0,92.0
220,1741795504.0933375,363.0,432.0,357.0,796.0,382.0,375.0,527.0,448.0,425.0,433.0,527.0,422.0,366.0,358.0,383.0,528.0,425.0,932.0,-0.0302734375,0.04345703125,1.01708984375,51618.0,-4.695122241973877,5.9146342277526855,-0.4268292784690857,51618.0,-13.872665405273438,1.173431396484375,28674.00390625,51618.0,0.11909265071153641,0.020805319771170616,-0.8103721737861633,0.5733045935630798,51618.0,0.0,0.0,92.0
221,1741795504.1089644,457.0,417.0,415.0,395.0,434.0,381.0,434.0,416.0,403.0,394.0,441.0,451.0,458.0,415.0,434.0,434.0,403.0,442.0,-0.45556640625,0.60888671875,0.462890625,62535.0,-33.475608825683594,145.97561645507812,42.19512176513672,62535.0,-18.362701416015625,5.6249847412109375,-1.785064697265625,62527.0,0.337771475315094,-0.7746465802192688,0.5090567469596863,0.16338399052619934,62535.0,0.0,1.0,87.0
222,1741795504.124608,458.0,418.0,415.0,395.0,434.0,382.0,435.0,417.0,403.0,395.0,442.0,452.0,458.0,415.0,434.0,434.0,403.0,442.0,-0.388671875,0.62158203125,0.5654296875,62552.0,-6.097560882568359,155.6707305908203,24.08536720275879,62552.0,-14.012710571289062,7.7249908447265625,-4.9350738525390625,62552.0,0.32419848442077637,-0.7708107829093933,0.5181201696395874,0.1797153353691101,62552.0,0.0,1.0,87.0
223,1741795504.124608,363.0,432.0,357.0,796.0,382.0,375.0,527.0,448.0,425.0,433.0,527.0,422.0,362.0,356.0,382.0,526.0,425.0,549.0,-0.048828125,0.04296875,1.01171875,51645.0,-4.02439022064209,5.243902683258057,-0.060975611209869385,51645.0,-18.884475708007812,-15.072662353515625,0.1234283447265625,51636.0,0.11981559544801712,0.021929457783699036,-0.8123037219047546,0.5703718066215515,51645.0,0.0,0.0,92.0
224,1741795504.124608,458.0,418.0,415.0,395.0,434.0,382.0,435.0,417.0,403.0,395.0,442.0,452.0,458.0,415.0,434.0,434.0,403.0,442.0,-0.40087890625,0.46435546875,0.5869140625,62567.0,44.817073822021484,175.85366821289062,-6.829268455505371,62567.0,-12.812698364257812,7.7249908447265625,-6.13507080078125,62567.0,0.31593531370162964,-0.7637757658958435,0.5285760164260864,0.19349102675914764,62567.0,0.0,1.0,87.0
225,1741795504.1402118,458.0,418.0,415.0,395.0,434.0,382.0,435.0,417.0,403.0,395.0,442.0,452.0,458.0,415.0,434.0,436.0,403.0,443.0,-0.337890625,0.31201171875,0.814453125,62595.0,78.17073059082031,218.10975646972656,-34.57316970825195,62595.0,-2819.25390625,1516.80078125,-1992.975830078125,62595.0,0.29735517501831055,-0.7388752102851868,0.5583325624465942,0.23218105733394623,62595.0,0.0,1.0,87.0
226,1741795504.1402118,362.0,428.0,356.0,797.0,382.0,373.0,527.0,448.0,425.0,434.0,602.0,426.0,362.0,356.0,382.0,526.0,425.0,549.0,-0.05029296875,0.04345703125,1.01171875,51665.0,-3.7195122241973877,4.512195110321045,-0.5487805008888245,51665.0,-17.834487915039062,-14.17266845703125,0.8734283447265625,51665.0,0.12022727727890015,0.02254689671099186,-0.8136135339736938,0.5683911442756653,51665.0,0.0,0.0,92.0
227,1741795504.1558359,362.0,428.0,356.0,797.0,382.0,373.0,527.0,448.0,425.0,434.0,602.0,426.0,362.0,356.0,382.0,526.0,425.0,549.0,-0.0517578125,0.03759765625,1.0078125,51685.0,-3.170731782913208,4.0853657722473145,-0.6707317233085632,51685.0,-18.884475708007812,-14.17266845703125,0.1234283447265625,51676.0,0.12071588635444641,0.023202821612358093,-0.8151406049728394,0.5660688281059265,51685.0,0.0,0.0,92.0
228,1741795504.180462,458.0,418.0,415.0,395.0,434.0,382.0,435.0,417.0,403.0,395.0,442.0,452.0,458.0,415.0,434.0,436.0,403.0,443.0,-0.29443359375,0.23876953125,1.048828125,62612.0,101.34146881103516,258.2317199707031,-35.24390411376953,62612.0,-8.757827758789062,6.3837738037109375,-8.989944458007812,62603.0,0.28346961736679077,-0.7189428806304932,0.5794704556465149,0.2588038146495819,62612.0,0.0,1.0,87.0
229,1741795504.180462,458.0,418.0,415.0,395.0,434.0,382.0,436.0,418.0,403.0,395.0,443.0,454.0,458.0,415.0,434.0,436.0,403.0,443.0,-0.193359375,0.1318359375,1.111328125,62628.0,113.3536605834961,289.0243835449219,-29.329269409179688,62628.0,-5.9078216552734375,6.533782958984375,-11.089950561523438,62620.0,0.27000272274017334,-0.7013275027275085,0.5970513224601746,0.28065598011016846,62628.0,0.0,1.0,87.0
230,1741795504.1874652,362.0,428.0,356.0,797.0,382.0,373.0,527.0,448.0,425.0,434.0,602.0,426.0,361.0,356.0,381.0,526.0,426.0,574.0,-0.0517578125,0.03662109375,1.0087890625,51703.0,-2.0731706619262695,3.841463565826416,-0.3658536672592163,51703.0,-17.834487915039062,-13.872665405273438,0.1234283447265625,51703.0,0.12113107740879059,0.023576006293296814,-0.8163974285125732,0.5641504526138306,51703.0,0.0,0.0,92.0
231,1741795504.1874652,458.0,418.0,415.0,395.0,434.0,382.0,436.0,418.0,403.0,395.0,443.0,454.0,458.0,415.0,434.0,436.0,403.0,443.0,0.01025390625,0.02099609375,1.04345703125,62643.0,122.3780517578125,303.5975646972656,-14.57317066192627,62643.0,-2.0102691650390625,4.5886688232421875,-14.094833374023438,62643.0,0.24940316379070282,-0.6754114627838135,0.6213893294334412,0.3090187907218933,62643.0,0.0,1.0,87.0
232,1741795504.203093,362.0,428.0,356.0,797.0,382.0,373.0,527.0,448.0,425.0,434.0,602.0,426.0,361.0,356.0,381.0,526.0,426.0,574.0,-0.0439453125,0.04052734375,1.005859375,51716.0,-1.6463415622711182,3.4146342277526855,-0.4878048896789551,51716.0,-16.03448486328125,-14.022659301757812,-0.7765655517578125,51716.0,0.12145058810710907,0.02377084270119667,-0.8172886371612549,0.5627816915512085,51716.0,0.0,0.0,92.0
233,1741795504.203093,458.0,418.0,415.0,395.0,434.0,382.0,436.0,418.0,403.0,395.0,443.0,454.0,458.0,415.0,434.0,437.0,403.0,443.0,0.3564453125,-0.01806640625,1.02001953125,62660.0,142.6829376220703,283.0487976074219,8.719511985778809,62660.0,0.389739990234375,4.43865966796875,-16.64483642578125,62660.0,0.23317573964595795,-0.6549557447433472,0.6399469971656799,0.32730695605278015,62660.0,0.0,1.0,87.0
234,1741795504.218716,458.0,418.0,415.0,395.0,434.0,382.0,436.0,418.0,403.0,395.0,443.0,454.0,458.0,415.0,434.0,437.0,403.0,443.0,0.6005859375,-0.0517578125,1.53369140625,62678.0,187.31707763671875,236.21951293945312,8.47560977935791,62678.0,2.9402313232421875,2.93768310546875,-16.043365478515625,62669.0,0.21058613061904907,-0.617763102054596,0.6721464991569519,0.3496302366256714,62678.0,0.0,1.0,87.0
235,1741795504.218716,361.0,409.0,355.0,796.0,381.0,372.0,526.0,448.0,426.0,434.0,570.0,426.0,361.0,356.0,381.0,526.0,426.0,574.0,-0.05126953125,0.03857421875,1.0068359375,51738.0,-0.8536585569381714,3.170731782913208,-0.24390244483947754,51738.0,-14.022659301757812,-0.7765655517578125,1.0039215087890625,51738.0,0.12200728803873062,0.024025440216064453,-0.8187799453735352,0.5604782700538635,51738.0,0.0,0.0,92.0
236,1741795504.2343402,361.0,409.0,355.0,796.0,381.0,372.0,526.0,448.0,426.0,434.0,570.0,426.0,361.0,356.0,381.0,526.0,426.0,574.0,-0.05078125,0.0419921875,1.005859375,51756.0,-0.12195122241973877,3.170731782913208,-0.3658536672592163,51756.0,-15.734481811523438,-15.22265625,-1.5265655517578125,51756.0,0.12250767648220062,0.024081051349639893,-0.8200961947441101,0.5584387183189392,51756.0,0.0,0.0,92.0
237,1741795504.2655864,361.0,409.0,355.0,796.0,381.0,372.0,526.0,448.0,426.0,434.0,570.0,426.0,360.0,354.0,380.0,526.0,426.0,545.0,-0.04833984375,0.03759765625,1.005859375,51776.0,-0.3658536672592163,3.7804880142211914,-0.5487805008888245,51776.0,-14.53448486328125,-13.272659301757812,-1.9765777587890625,51776.0,0.12309879064559937,0.024201499298214912,-0.8212737441062927,0.5565699338912964,51776.0,0.0,0.0,92.0
238,1741795504.2655864,458.0,418.0,415.0,395.0,434.0,382.0,437.0,419.0,403.0,396.0,442.0,454.0,458.0,415.0,434.0,437.0,403.0,443.0,0.52587890625,-0.109375,2.0126953125,62694.0,186.34146118164062,237.1341552734375,-13.719512939453125,62694.0,3.9902191162109375,2.787689208984375,-16.193374633789062,62686.0,0.19996385276317596,-0.5930975675582886,0.6907481551170349,0.3620999753475189,62694.0,0.0,1.0,87.0
239,1741795504.281599,458.0,418.0,415.0,395.0,434.0,382.0,437.0,419.0,403.0,396.0,442.0,454.0,458.0,415.0,434.0,437.0,403.0,443.0,0.82958984375,-0.025390625,2.2265625,62710.0,181.15853881835938,236.03659057617188,-24.08536720275879,62710.0,6.0897369384765625,0.2367095947265625,-16.341903686523438,62710.0,0.18668976426124573,-0.559310793876648,0.7125359773635864,0.38027727603912354,62710.0,0.0,1.0,87.0
240,1741795504.281599,358.0,407.0,353.0,792.0,378.0,369.0,526.0,446.0,426.0,434.0,548.0,427.0,360.0,354.0,380.0,526.0,426.0,545.0,-0.04736328125,0.03125,1.01171875,51804.0,0.24390244483947754,4.939024448394775,-0.6097561120986938,51804.0,-14.834487915039062,-13.872665405273438,-2.576568603515625,51796.0,0.12432432919740677,0.02443644404411316,-0.8233532905578613,0.5532047748565674,51804.0,0.0,0.0,92.0
241,1741795504.2972276,458.0,418.0,415.0,395.0,434.0,382.0,437.0,419.0,403.0,396.0,442.0,454.0,458.0,415.0,435.0,437.0,403.0,442.0,1.44091796875,-0.02099609375,2.3408203125,62726.0,183.10975646972656,244.26829528808594,-74.08536529541016,62726.0,9.239730834960938,-0.3632965087890625,-16.941909790039062,62726.0,0.1755990982055664,-0.5232462882995605,0.7306495308876038,0.40190640091896057,62726.0,0.0,1.0,87.0
242,1741795504.2972276,458.0,418.0,415.0,395.0,434.0,382.0,437.0,419.0,403.0,396.0,442.0,454.0,458.0,415.0,435.0,437.0,403.0,442.0,2.22314453125,-0.55029296875,1.73828125,62754.0,164.2073211669922,264.51220703125,-115.8536605834961,62754.0,-3.6691436767578125,-15.88360595703125,12289.8828125,62754.0,0.1596175730228424,-0.46451622247695923,0.749707043170929,0.4434930682182312,62754.0,0.0,1.0,87.0
243,1741795504.2972276,358.0,407.0,353.0,792.0,378.0,369.0,526.0,446.0,426.0,434.0,548.0,427.0,360.0,354.0,380.0,526.0,426.0,545.0,-0.05078125,0.0380859375,1.02880859375,51824.0,1.7073171138763428,9.085366249084473,-0.792682945728302,51824.0,-13.634475708007812,-13.122665405273438,-3.92657470703125,51824.0,0.12546919286251068,0.024647563695907593,-0.8244425058364868,0.5513115525245667,51824.0,0.0,0.0,92.0
244,1741795504.3128512,458.0,419.0,415.0,396.0,435.0,382.0,438.0,419.0,403.0,396.0,441.0,455.0,458.0,415.0,435.0,437.0,403.0,442.0,2.42529296875,-1.029296875,1.419921875,62769.0,169.4512176513672,216.40245056152344,-79.63414764404297,62769.0,15.061904907226562,-5.1662139892578125,-15.87725830078125,62762.0,0.15074163675308228,-0.42625078558921814,0.7600514888763428,0.46680715680122375,62769.0,0.0,1.0,87.0
245,1741795504.3284745,358.0,407.0,353.0,792.0,378.0,369.0,526.0,446.0,426.0,434.0,548.0,427.0,358.0,351.0,376.0,525.0,427.0,487.0,-0.0556640625,0.03857421875,1.0263671875,51836.0,2.5609755516052246,10.42682933807373,-0.9146341681480408,51836.0,-12.884475708007812,-13.42266845703125,-3.17657470703125,51836.0,0.12664549052715302,0.024880897253751755,-0.8252153992652893,0.5498738884925842,51836.0,0.0,0.0,92.0
246,1741795504.3284745,458.0,419.0,415.0,396.0,435.0,382.0,438.0,419.0,403.0,396.0,441.0,455.0,458.0,415.0,435.0,437.0,403.0,442.0,2.45458984375,-1.220703125,1.1171875,62787.0,123.9024429321289,173.90245056152344,-50.182926177978516,62787.0,-13.777252197265625,12289.8349609375,-10794.1650390625,62787.0,0.1425909399986267,-0.394121378660202,0.7687744498252869,0.4830320179462433,62787.0,0.0,1.0,87.0
247,1741795504.3441024,357.0,420.0,351.0,789.0,375.0,367.0,525.0,444.0,429.0,437.0,504.0,432.0,358.0,351.0,376.0,525.0,427.0,487.0,-0.05224609375,0.04345703125,1.0400390625,51865.0,3.9024391174316406,13.719512939453125,-0.9146341681480408,51865.0,-12.434478759765625,-13.42266845703125,-4.67657470703125,51865.0,0.12975908815860748,0.025495652109384537,-0.826640784740448,0.5469712018966675,51865.0,0.0,0.0,92.0
248,1741795504.3597207,357.0,420.0,351.0,789.0,375.0,367.0,525.0,444.0,429.0,437.0,504.0,432.0,358.0,351.0,376.0,525.0,427.0,487.0,-0.0625,0.05029296875,1.044921875,51885.0,4.512195110321045,17.5,-1.7682926654815674,51885.0,-12.734481811523438,-13.272659301757812,-4.5265655517578125,51876.0,0.13312169909477234,0.026343241333961487,-0.827786922454834,0.5443834662437439,51885.0,0.0,0.0,92.0
249,1741795504.3808484,458.0,419.0,415.0,396.0,435.0,382.0,438.0,419.0,403.0,396.0,441.0,455.0,458.0,415.0,435.0,439.0,403.0,441.0,2.21923828125,-1.39453125,-0.22265625,62803.0,-91.82926940917969,58.29268264770508,-53.53658676147461,62803.0,19.861907958984375,-6.216217041015625,-13.027252197265625,62803.0,0.13454751670360565,-0.39087003469467163,0.7657376527786255,0.4927102327346802,62803.0,0.0,1.0,87.0
250,1741795504.3808484,357.0,420.0,351.0,789.0,375.0,367.0,525.0,444.0,429.0,437.0,504.0,432.0,358.0,351.0,376.0,525.0,427.0,487.0,-0.0654296875,0.04443359375,1.0517578125,51898.0,5.365853786468506,23.292682647705078,-1.9512195587158203,51898.0,-11.684478759765625,-12.67266845703125,-5.42657470703125,51898.0,0.13561753928661346,0.02704550325870514,-0.8283632397651672,0.5428542494773865,51898.0,0.0,0.0,92.0
251,1741795504.3913543,458.0,419.0,415.0,396.0,435.0,382.0,438.0,419.0,403.0,396.0,441.0,455.0,458.0,415.0,435.0,439.0,403.0,441.0,2.21923828125,-1.39453125,-0.22265625,62818.0,-91.82926940917969,58.29268264770508,-53.53658676147461,62818.0,21.361907958984375,-4.2662200927734375,-13.027252197265625,62818.0,0.12262960523366928,-0.40681177377700806,0.7525376081466675,0.5031434893608093,62818.0,0.0,1.0,87.0
252,1741795504.3913543,456.0,416.0,414.0,393.0,432.0,380.0,439.0,419.0,404.0,397.0,441.0,456.0,458.0,415.0,435.0,439.0,403.0,441.0,-1.15087890625,-0.83447265625,0.2890625,62835.0,-135.1829376220703,-170.0,-61.34146499633789,62835.0,22.561904907226562,-5.0162200927734375,-11.827255249023438,62835.0,0.12458254396915436,-0.4350692629814148,0.7337192296981812,0.5068036913871765,62835.0,0.0,1.0,87.0
253,1741795504.406982,357.0,420.0,351.0,789.0,375.0,367.0,525.0,444.0,429.0,437.0,504.0,432.0,357.0,351.0,375.0,527.0,435.0,688.0,-0.06494140625,0.01220703125,1.10888671875,51925.0,12.62195110321045,35.4878044128418,-5.0,51925.0,-8.984481811523438,-12.522659301757812,-6.7765655517578125,51916.0,0.1425808072090149,0.028631582856178284,-0.8296967148780823,0.5389381051063538,51925.0,0.0,0.0,92.0
254,1741795504.406982,456.0,416.0,414.0,393.0,432.0,380.0,439.0,419.0,404.0,397.0,441.0,456.0,455.0,413.0,422.0,439.0,404.0,442.0,0.27001953125,0.1787109375,1.6943359375,62862.0,-80.42683410644531,-194.02439880371094,23.475610733032227,62862.0,22.561904907226562,-3.06622314453125,-12.277252197265625,62854.0,0.13865631818771362,-0.4716699421405792,0.7163618803024292,0.4951035678386688,62862.0,0.0,1.0,87.0
255,1741795504.4226048,456.0,416.0,414.0,393.0,432.0,380.0,439.0,419.0,404.0,397.0,441.0,456.0,455.0,413.0,422.0,439.0,404.0,442.0,0.365234375,-0.12939453125,1.9658203125,62880.0,-29.69512176513672,-119.81707763671875,-3.0487804412841797,62880.0,20.611907958984375,-1.8662261962890625,-12.277252197265625,62880.0,0.15204353630542755,-0.4875361919403076,0.709269642829895,0.48592883348464966,62880.0,0.0,1.0,87.0
256,1741795504.4226048,359.0,406.0,352.0,795.0,376.0,367.0,531.0,445.0,441.0,449.0,933.0,447.0,357.0,351.0,375.0,527.0,435.0,688.0,-0.09130859375,-0.01513671875,1.27587890625,51944.0,23.04878044128418,61.95122146606445,-8.292682647705078,51944.0,-8.684478759765625,-11.92266845703125,-7.3765716552734375,51944.0,0.15086811780929565,0.030155885964632034,-0.8302531242370605,0.5357323288917542,51944.0,0.0,0.0,92.0
257,1741795504.4382281,359.0,406.0,352.0,795.0,376.0,367.0,531.0,445.0,441.0,449.0,933.0,447.0,357.0,351.0,375.0,527.0,435.0,688.0,-0.07666015625,0.0478515625,1.40234375,51955.0,29.45121955871582,83.84146881103516,-3.1097562313079834,51955.0,-7.78448486328125,-12.072662353515625,-8.576568603515625,51955.0,0.16083025932312012,0.03235834091901779,-0.8298321962356567,0.5333527326583862,51955.0,0.0,0.0,92.0
258,1741795504.4538524,359.0,406.0,352.0,795.0,376.0,367.0,531.0,445.0,441.0,449.0,933.0,447.0,365.0,354.0,379.0,536.0,446.0,469.0,-0.0771484375,0.05078125,1.3486328125,51976.0,33.719512939453125,123.53659057617188,-3.841463565826416,51976.0,-8.084487915039062,-6.67266845703125,-7.076568603515625,51976.0,0.1783706694841385,0.03725786507129669,-0.8276596069335938,0.530825138092041,51976.0,0.0,0.0,92.0
259,1741795504.469478,451.0,402.0,411.0,382.0,416.0,369.0,439.0,420.0,404.0,397.0,441.0,456.0,455.0,413.0,422.0,439.0,404.0,442.0,0.2841796875,0.14013671875,1.60888671875,62896.0,-21.158536911010742,-70.18292999267578,1.585365891456604,62896.0,21.51190185546875,-2.466217041015625,-13.177261352539062,62896.0,0.15939323604106903,-0.4962472915649414,0.7050406336784363,0.48088136315345764,62896.0,0.0,1.0,87.0
260,1741795504.4815016,451.0,402.0,411.0,382.0,416.0,369.0,439.0,420.0,404.0,397.0,441.0,456.0,455.0,413.0,422.0,439.0,404.0,442.0,0.158203125,0.0244140625,1.146484375,62914.0,-19.329269409179688,-27.5,-4.695122241973877,62914.0,21.51190185546875,-2.466217041015625,-13.177261352539062,62905.0,0.1616472452878952,-0.5013075470924377,0.701513946056366,0.48003673553466797,62914.0,0.0,1.0,87.0
261,1741795504.4855058,359.0,406.0,352.0,795.0,376.0,367.0,531.0,445.0,441.0,449.0,933.0,447.0,365.0,354.0,379.0,536.0,446.0,469.0,-0.17431640625,0.107421875,1.41064453125,52004.0,26.219512939453125,160.6707305908203,-10.365854263305664,52004.0,-5.8344879150390625,-6.22265625,-8.576568603515625,51995.0,0.2161858081817627,0.05186893045902252,-0.8215177059173584,0.5250542759895325,52004.0,0.0,0.0,92.0
262,1741795504.4855058,451.0,402.0,411.0,382.0,416.0,369.0,439.0,420.0,404.0,397.0,441.0,456.0,448.0,409.0,415.0,439.0,403.0,439.0,0.17333984375,0.0107421875,1.1884765625,62931.0,-14.756097793579102,-17.19512176513672,-2.0731706619262695,62931.0,21.961898803710938,-1.56622314453125,-10.177261352539062,62923.0,0.16190621256828308,-0.503800094127655,0.6993913054466248,0.4804374575614929,62931.0,0.0,1.0,87.0
263,1741795504.5011327,366.0,427.0,356.0,804.0,380.0,371.0,560.0,490.0,449.0,460.0,470.0,449.0,365.0,354.0,379.0,536.0,446.0,469.0,-0.1259765625,0.21240234375,1.3291015625,52017.0,23.90243911743164,173.9634246826172,-16.219512939453125,52017.0,-13.67657470703125,1.01568603515625,1028.015625,52017.0,0.234104186296463,0.0606415793299675,-0.8179411888122559,0.5219990015029907,52017.0,0.0,0.0,92.0
264,1741795504.5167587,451.0,402.0,411.0,382.0,416.0,369.0,439.0,420.0,404.0,397.0,441.0,456.0,448.0,409.0,415.0,439.0,403.0,439.0,0.09912109375,0.06396484375,1.02783203125,62955.0,-11.158536911010742,-7.317073345184326,0.060975611209869385,62955.0,22.861907958984375,-1.8662261962890625,-8.827255249023438,62955.0,0.1606512814760208,-0.5067875385284424,0.6962816715240479,0.4822312891483307,62955.0,0.0,1.0,87.0
265,1741795504.5167587,447.0,399.0,408.0,378.0,414.0,366.0,438.0,418.0,402.0,396.0,438.0,454.0,448.0,409.0,415.0,439.0,403.0,439.0,0.08251953125,0.05908203125,1.0048828125,62972.0,-9.329268455505371,-8.231707572937012,1.097561001777649,62972.0,23.311904907226562,-3.81622314453125,-7.62725830078125,62972.0,0.15983672440052032,-0.5085598826408386,0.6945465207099915,0.4831378757953644,62972.0,0.0,1.0,87.0
266,1741795504.5167587,366.0,427.0,356.0,804.0,380.0,371.0,560.0,490.0,449.0,460.0,470.0,449.0,365.0,354.0,379.0,536.0,446.0,469.0,-0.24169921875,0.21533203125,1.49267578125,52036.0,26.158536911010742,180.79269409179688,-16.158536911010742,52036.0,-1.4844818115234375,-6.822662353515625,-14.42657470703125,52036.0,0.2588977813720703,0.07258181273937225,-0.8126606941223145,0.5169951915740967,52036.0,0.0,0.0,92.0
267,1741795504.5323799,447.0,399.0,408.0,378.0,414.0,366.0,438.0,418.0,402.0,396.0,438.0,454.0,448.0,409.0,415.0,439.0,403.0,439.0,0.10546875,0.04833984375,1.03173828125,62989.0,-7.317073345184326,-9.512195587158203,1.7682926654815674,62989.0,23.461898803710938,-3.216217041015625,-8.227249145507812,62989.0,0.15930356085300446,-0.5101886987686157,0.6930277943611145,0.4837774932384491,62989.0,0.0,1.0,87.0
268,1741795504.5636268,365.0,428.0,359.0,805.0,384.0,374.0,570.0,509.0,450.0,460.0,469.0,449.0,366.0,358.0,382.0,567.0,451.0,470.0,1.29638671875,-0.033203125,0.95556640625,52084.0,43.29268264770508,86.58536529541016,-24.329269409179688,52084.0,1.96551513671875,-5.47216796875,-13.826080322265625,52076.0,0.31939300894737244,0.08580940216779709,-0.8045494556427002,0.4932797849178314,52084.0,0.0,0.0,92.0
269,1741795504.581254,447.0,399.0,408.0,378.0,414.0,366.0,438.0,418.0,402.0,396.0,438.0,454.0,446.0,407.0,414.0,438.0,401.0,438.0,0.10595703125,0.0458984375,1.02099609375,63006.0,-2.6219513416290283,-7.987804889678955,0.7317073345184326,63006.0,22.411911010742188,-3.216217041015625,-8.227249145507812,62997.0,0.15908540785312653,-0.5112462639808655,0.6918726563453674,0.4843861162662506,63006.0,0.0,1.0,87.0
270,1741795504.581254,365.0,428.0,359.0,805.0,384.0,374.0,570.0,509.0,450.0,460.0,469.0,449.0,366.0,358.0,382.0,567.0,451.0,470.0,1.9873046875,0.4912109375,1.013671875,52096.0,20.792682647705078,44.63414764404297,28.109756469726562,52096.0,464.77734375,-1746.47265625,-3309.078125,52096.0,0.3212997615337372,0.08565640449523926,-0.8035431504249573,0.4937082529067993,52096.0,0.0,0.0,92.0
271,1741795504.5952573,447.0,399.0,408.0,378.0,414.0,366.0,438.0,418.0,402.0,396.0,438.0,454.0,446.0,407.0,414.0,438.0,401.0,438.0,0.10888671875,0.05615234375,1.01953125,63023.0,-0.4268292784690857,-6.585366249084473,0.7317073345184326,63023.0,23.161911010742188,-3.216217041015625,-8.227249145507812,63023.0,0.15890279412269592,-0.5119476318359375,0.6909124851226807,0.48507553339004517,63023.0,0.0,1.0,87.0
272,1741795504.5952573,445.0,399.0,407.0,378.0,414.0,365.0,438.0,417.0,399.0,394.0,437.0,453.0,446.0,407.0,414.0,438.0,401.0,438.0,0.11083984375,0.06591796875,1.0029296875,63039.0,-1.5243902206420898,-5.487804889678955,0.9756097793579102,63039.0,23.311904907226562,-3.06622314453125,-6.87725830078125,63039.0,0.15858221054077148,-0.5124770402908325,0.6901437640190125,0.48571544885635376,63039.0,0.0,1.0,87.0
273,1741795504.6108842,365.0,428.0,359.0,805.0,384.0,374.0,570.0,509.0,450.0,460.0,469.0,449.0,367.0,360.0,386.0,543.0,450.0,469.0,1.498046875,0.16162109375,0.8720703125,52123.0,-52.0121955871582,-131.7073211669922,97.3780517578125,52123.0,0.9155120849609375,-7.42218017578125,-13.076080322265625,52116.0,0.29604002833366394,0.0700598731637001,-0.7964290380477905,0.5226325392723083,52123.0,0.0,0.0,92.0
274,1741795504.6108842,445.0,399.0,407.0,378.0,414.0,365.0,438.0,417.0,399.0,394.0,437.0,453.0,445.0,406.0,415.0,438.0,398.0,436.0,0.11865234375,0.06201171875,1.0087890625,63063.0,-4.512195110321045,-4.390244007110596,1.585365891456604,63063.0,22.111907958984375,-4.2662200927734375,-7.62725830078125,63063.0,0.15756851434707642,-0.5137958526611328,0.6885573863983154,0.48690247535705566,63063.0,0.0,1.0,87.0
275,1741795504.6108842,445.0,399.0,407.0,378.0,414.0,365.0,438.0,417.0,399.0,394.0,437.0,453.0,445.0,406.0,415.0,438.0,398.0,436.0,0.119140625,0.0498046875,1.009765625,63079.0,-5.365853786468506,-4.45121955871582,1.7682926654815674,63079.0,21.961898803710938,-4.8662261962890625,-7.4772491455078125,63079.0,0.15708434581756592,-0.5145228505134583,0.6878029108047485,0.48735740780830383,63079.0,0.0,1.0,87.0
276,1741795504.6265082,368.0,759.0,361.0,807.0,387.0,376.0,572.0,512.0,450.0,461.0,469.0,449.0,367.0,360.0,386.0,543.0,450.0,469.0,0.91259765625,0.2529296875,0.6865234375,52147.0,-59.57317352294922,-140.1219482421875,36.95122146606445,52147.0,-1.4844818115234375,-6.3721771240234375,-10.226089477539062,52147.0,0.2697277367115021,0.06322752684354782,-0.7995724081993103,0.5328538417816162,52147.0,0.0,0.0,92.0
277,1741795504.6421318,368.0,759.0,361.0,807.0,387.0,376.0,572.0,512.0,450.0,461.0,469.0,449.0,367.0,360.0,386.0,543.0,450.0,469.0,0.61474609375,0.4736328125,0.8857421875,52156.0,-59.57317352294922,-112.256103515625,-9.57317066192627,52156.0,-1.4844818115234375,-6.3721771240234375,-10.226089477539062,52156.0,0.2606201171875,0.06252104789018631,-0.8022437691688538,0.5334540009498596,52156.0,0.0,0.0,92.0
278,1741795504.6577544,368.0,759.0,361.0,807.0,387.0,376.0,572.0,512.0,450.0,461.0,469.0,449.0,367.0,360.0,386.0,543.0,450.0,469.0,0.4453125,0.6171875,1.0283203125,52177.0,-26.40243911743164,-94.756103515625,-20.975610733032227,52177.0,-2.8354644775390625,-6.224609375,-11.880966186523438,52177.0,0.24481359124183655,0.06059381365776062,-0.8079466223716736,0.5325570106506348,52177.0,0.0,0.0,92.0
279,1741795504.6733778,445.0,399.0,407.0,378.0,414.0,365.0,438.0,417.0,399.0,394.0,437.0,453.0,445.0,406.0,415.0,438.0,398.0,436.0,0.115234375,0.048828125,1.0146484375,63095.0,-3.9634146690368652,-5.243902683258057,1.2804877758026123,63095.0,21.961898803710938,-3.6662139892578125,-7.4772491455078125,63095.0,0.15657655894756317,-0.5154253840446472,0.6868402361869812,0.48792460560798645,63095.0,0.0,1.0,87.0
280,1741795504.6813838,444.0,400.0,406.0,378.0,416.0,366.0,438.0,416.0,396.0,392.0,435.0,452.0,445.0,406.0,415.0,438.0,398.0,436.0,0.11328125,0.04931640625,1.015625,63112.0,-2.7439024448394775,-5.060975551605225,1.0365853309631348,63112.0,22.861907958984375,-3.06622314453125,-7.3272552490234375,63103.0,0.15598860383033752,-0.5162661075592041,0.6857892274856567,0.4887019395828247,63112.0,0.0,1.0,87.0
281,1741795504.6893876,368.0,759.0,361.0,807.0,387.0,376.0,572.0,512.0,450.0,461.0,469.0,449.0,369.0,361.0,387.0,573.0,451.0,469.0,0.26708984375,0.51416015625,1.1298828125,52203.0,-6.890244007110596,-80.18292999267578,14.695122718811035,52203.0,-5.3854522705078125,-6.074615478515625,-10.68096923828125,52196.0,0.22385171055793762,0.05113431066274643,-0.8140255212783813,0.5335148572921753,52203.0,0.0,0.0,92.0
282,1741795504.6893876,444.0,400.0,406.0,378.0,416.0,366.0,438.0,416.0,396.0,392.0,435.0,452.0,445.0,406.0,415.0,438.0,398.0,436.0,0.1240234375,0.05517578125,1.0078125,63129.0,-2.0731706619262695,-4.207317352294922,1.2804877758026123,63129.0,22.861907958984375,-3.06622314453125,-7.3272552490234375,63121.0,0.155621737241745,-0.5167942047119141,0.6850960850715637,0.48923271894454956,63129.0,0.0,1.0,87.0
283,1741795504.705014,444.0,400.0,406.0,378.0,416.0,366.0,438.0,416.0,396.0,392.0,435.0,452.0,444.0,405.0,417.0,437.0,394.0,434.0,0.12158203125,0.046875,0.99853515625,63155.0,-3.1097562313079834,-3.47560977935791,1.2804877758026123,63155.0,22.711898803710938,-5.6162261962890625,-7.777252197265625,63155.0,0.15481756627559662,-0.5178399085998535,0.6836848258972168,0.4903551936149597,63155.0,0.0,1.0,87.0
284,1741795504.705014,369.0,759.0,361.0,807.0,388.0,376.0,573.0,513.0,451.0,463.0,470.0,450.0,369.0,361.0,387.0,573.0,451.0,469.0,0.2421875,0.529296875,1.10009765625,52224.0,4.390244007110596,-87.3780517578125,35.060977935791016,52224.0,-5.8354644775390625,-6.974609375,-11.280960083007812,52224.0,0.21354758739471436,0.04262937977910042,-0.8144354820251465,0.537842869758606,52224.0,0.0,0.0,92.0
285,1741795504.7206378,443.0,401.0,405.0,378.0,417.0,366.0,436.0,415.0,392.0,389.0,433.0,451.0,444.0,405.0,417.0,437.0,394.0,434.0,0.109375,0.0556640625,1.01025390625,63172.0,-3.353658676147461,-4.329268455505371,1.4634146690368652,63172.0,21.51190185546875,-5.6162261962890625,-7.4772491455078125,63172.0,0.15449349582195282,-0.5185116529464722,0.6829848289489746,0.4907228946685791,63172.0,0.0,1.0,87.0
286,1741795504.7206378,369.0,759.0,361.0,807.0,388.0,376.0,573.0,513.0,451.0,463.0,470.0,450.0,369.0,361.0,387.0,573.0,451.0,469.0,0.13623046875,0.43017578125,1.10791015625,52237.0,17.68292808532715,-78.71951293945312,54.8780517578125,52237.0,-6.435455322265625,-6.824615478515625,-9.18096923828125,52237.0,0.20704476535320282,0.034738630056381226,-0.8134764432907104,0.5423852205276489,52237.0,0.0,0.0,92.0
287,1741795504.7362611,443.0,401.0,405.0,378.0,417.0,366.0,436.0,415.0,392.0,389.0,433.0,451.0,444.0,405.0,417.0,437.0,394.0,434.0,0.12158203125,0.05078125,1.0087890625,63189.0,-3.7195122241973877,-4.939024448394775,1.5243902206420898,63189.0,23.311904907226562,-5.0162200927734375,-7.62725830078125,63181.0,0.1540096402168274,-0.5193250775337219,0.6820993423461914,0.4912462532520294,63189.0,0.0,1.0,87.0
288,1741795504.7362611,369.0,759.0,361.0,807.0,388.0,376.0,573.0,513.0,451.0,463.0,470.0,450.0,369.0,361.0,388.0,573.0,452.0,470.0,0.16357421875,0.384765625,1.20458984375,52263.0,18.170732498168945,-71.34146881103516,78.53659057617188,52263.0,-7.03741455078125,-6.9755859375,-7.834381103515625,52263.0,0.1964198350906372,0.018542569130659103,-0.8084119558334351,0.5545676946640015,52263.0,0.0,0.0,92.0
289,1741795504.7675076,369.0,759.0,361.0,807.0,388.0,376.0,574.0,514.0,452.0,463.0,470.0,450.0,369.0,361.0,388.0,573.0,452.0,470.0,0.17724609375,0.40625,1.25146484375,52284.0,15.42682933807373,-71.09756469726562,78.29268646240234,52284.0,-8.087417602539062,-5.7755889892578125,-9.784378051757812,52276.0,0.18929901719093323,0.007812559604644775,-0.8037854433059692,0.5639441013336182,52284.0,0.0,0.0,92.0
290,1741795504.7815135,443.0,401.0,405.0,378.0,417.0,366.0,436.0,415.0,392.0,389.0,433.0,451.0,443.0,404.0,418.0,435.0,391.0,432.0,0.123046875,0.05224609375,1.00537109375,63206.0,-3.658536672592163,-5.0,1.5243902206420898,63206.0,-4.4162139892578125,-7.777252197265625,12289.00390625,63198.0,0.15367136895656586,-0.5199368596076965,0.6814252138137817,0.4916404187679291,63206.0,0.0,1.0,87.0
291,1741795504.7835166,369.0,759.0,361.0,807.0,388.0,376.0,574.0,514.0,452.0,463.0,470.0,450.0,369.0,361.0,388.0,573.0,452.0,470.0,0.1845703125,0.419921875,1.25439453125,52297.0,14.207317352294922,-72.31707763671875,74.8780517578125,52297.0,-8.687408447265625,-6.075592041015625,-8.884384155273438,52297.0,0.18177255988121033,-0.0025592660531401634,-0.7992866635322571,0.5727916955947876,52297.0,0.0,0.0,92.0
292,1741795504.7991438,369.0,759.0,361.0,807.0,388.0,376.0,574.0,514.0,452.0,463.0,470.0,450.0,369.0,361.0,388.0,573.0,452.0,470.0,0.1826171875,0.43115234375,1.25341796875,52316.0,16.40243911743164,-75.42683410644531,60.54878234863281,52316.0,-10.937408447265625,-6.825592041015625,-6.93438720703125,52316.0,0.17391128838062286,-0.012998579069972038,-0.7959370613098145,0.5797106027603149,52316.0,0.0,0.0,92.0
293,1741795504.8147671,443.0,401.0,405.0,378.0,417.0,366.0,436.0,415.0,392.0,389.0,433.0,451.0,443.0,404.0,418.0,435.0,391.0,432.0,0.13720703125,0.0537109375,1.0126953125,63223.0,-3.7804880142211914,-5.304878234863281,1.158536672592163,63223.0,22.411911010742188,-5.1662139892578125,-7.777252197265625,63223.0,0.15331070125102997,-0.520756185054779,0.6805727481842041,0.49206653237342834,63223.0,0.0,1.0,87.0
294,1741795504.8303905,369.0,759.0,361.0,807.0,388.0,376.0,574.0,514.0,452.0,463.0,470.0,450.0,369.0,361.0,388.0,573.0,452.0,470.0,0.078125,0.43505859375,1.29052734375,52346.0,13.719512939453125,-82.92683410644531,18.04878044128418,52346.0,-11.987899780273438,-6.67559814453125,-4.2343902587890625,52346.0,0.15896707773208618,-0.030447589233517647,-0.7943591475486755,0.5854790210723877,52346.0,0.0,0.0,92.0
295,1741795504.8303905,443.0,403.0,404.0,380.0,419.0,367.0,434.0,413.0,390.0,386.0,431.0,449.0,443.0,404.0,418.0,435.0,391.0,432.0,0.1318359375,0.05078125,1.00732421875,63239.0,-3.9024391174316406,-5.243902683258057,1.2804877758026123,63239.0,23.311904907226562,-5.466217041015625,-6.87725830078125,63239.0,0.15292944014072418,-0.5216115713119507,0.6796916127204895,0.49249693751335144,63239.0,0.0,1.0,87.0
296,1741795504.8460138,369.0,759.0,362.0,807.0,389.0,377.0,573.0,513.0,452.0,464.0,471.0,451.0,369.0,361.0,388.0,573.0,452.0,470.0,0.06396484375,0.4638671875,1.32861328125,52356.0,18.59756088256836,-90.54878234863281,8.414634704589844,52356.0,-13.03790283203125,-6.67559814453125,-4.5343780517578125,52356.0,0.15432055294513702,-0.03568262606859207,-0.795047402381897,0.5854922533035278,52356.0,0.0,0.0,92.0
297,1741795504.8460138,443.0,403.0,404.0,380.0,419.0,367.0,434.0,413.0,390.0,386.0,431.0,449.0,443.0,404.0,418.0,435.0,391.0,432.0,0.1201171875,0.04736328125,1.00634765625,63265.0,-5.792683124542236,-7.621951580047607,1.2804877758026123,63265.0,23.311904907226562,-4.56622314453125,-6.5772552490234375,63265.0,0.1521419882774353,-0.5233448147773743,0.6778988838195801,0.4933721721172333,63265.0,0.0,1.0,87.0
298,1741795504.8616369,443.0,403.0,404.0,380.0,419.0,367.0,434.0,413.0,390.0,386.0,431.0,449.0,444.0,404.0,421.0,433.0,389.0,431.0,0.13671875,0.0400390625,1.01025390625,63296.0,-7.012195110321045,-10.365854263305664,0.6707317233085632,63296.0,16383.9814453125,16383.9736328125,-11471.99609375,63296.0,0.1515788584947586,-0.5259595513343811,0.6755236387252808,0.4940224289894104,63296.0,0.0,1.0,87.0
299,1741795504.8616369,369.0,759.0,362.0,807.0,389.0,377.0,573.0,513.0,452.0,464.0,471.0,451.0,369.0,361.0,388.0,573.0,452.0,470.0,-0.00341796875,0.51806640625,1.3330078125,52376.0,35.4878044128418,-120.8536605834961,-5.121951103210449,52376.0,-13.03790283203125,-6.67559814453125,-4.5343780517578125,52376.0,0.14062057435512543,-0.05320706218481064,-0.7984828948974609,0.5829338431358337,52376.0,0.0,0.0,92.0
300,1741795504.8772607,445.0,408.0,404.0,383.0,425.0,371.0,432.0,412.0,388.0,384.0,430.0,447.0,444.0,404.0,421.0,433.0,389.0,431.0,0.13720703125,0.0390625,1.017578125,63323.0,-6.646341800689697,-13.04878044128418,0.24390244483947754,63323.0,23.911911010742188,-4.4162139892578125,-4.4772491455078125,63314.0,0.151528000831604,-0.5284992456436157,0.6732245087623596,0.4944659471511841,63323.0,0.0,1.0,87.0
301,1741795504.8817663,445.0,408.0,404.0,383.0,425.0,371.0,432.0,412.0,388.0,384.0,430.0,447.0,447.0,405.0,428.0,432.0,388.0,430.0,0.14208984375,0.0390625,1.01708984375,63340.0,-5.243902683258057,-14.085366249084473,0.3048780560493469,63340.0,25.411911010742188,-4.4162139892578125,-5.9772491455078125,63340.0,0.15184858441352844,-0.530210554599762,0.6716601252555847,0.49466297030448914,63340.0,0.0,1.0,87.0
302,1741795504.8932695,445.0,408.0,404.0,383.0,425.0,371.0,432.0,412.0,388.0,384.0,430.0,447.0,447.0,405.0,428.0,432.0,388.0,430.0,0.142578125,0.04736328125,1.0166015625,63348.0,-2.378048896789551,-18.04878044128418,0.4878048896789551,63348.0,25.411911010742188,-4.4162139892578125,-5.9772491455078125,63340.0,0.1524207890033722,-0.5310350656509399,0.6711114645004272,0.4943470358848572,63348.0,0.0,1.0,87.0
303,1741795504.908896,369.0,759.0,362.0,807.0,389.0,377.0,573.0,513.0,452.0,464.0,471.0,451.0,370.0,362.0,389.0,570.0,452.0,471.0,-0.27392578125,0.3662109375,1.1416015625,52416.0,53.10975646972656,-133.0487823486328,-37.256099700927734,52416.0,-15.585464477539062,-5.6251068115234375,-1.833892822265625,52416.0,0.11140303313732147,-0.09209967404603958,-0.8081443905830383,0.5709706544876099,52416.0,0.0,0.0,92.0
304,1741795504.9245214,370.0,739.0,362.0,808.0,389.0,377.0,570.0,506.0,452.0,464.0,472.0,451.0,370.0,362.0,389.0,570.0,452.0,471.0,-0.3076171875,0.22705078125,1.1376953125,52436.0,69.1463394165039,-128.10975646972656,-45.0,52436.0,-14.985458374023438,-6.97509765625,1.0160980224609375,52436.0,0.10173801332712173,-0.11108309030532837,-0.8133237957954407,0.561972975730896,52436.0,0.0,0.0,92.0
305,1741795504.9401426,445.0,408.0,404.0,383.0,425.0,371.0,432.0,412.0,388.0,384.0,430.0,447.0,447.0,405.0,428.0,432.0,388.0,430.0,0.14453125,0.04052734375,1.0234375,63365.0,-3.7195122241973877,-23.35365867614746,1.585365891456604,63365.0,23.911911010742188,-4.8662261962890625,-7.4772491455078125,63365.0,0.15377208590507507,-0.5330974459648132,0.6698892712593079,0.4933655261993408,63365.0,0.0,1.0,87.0
306,1741795504.9401426,370.0,739.0,362.0,808.0,389.0,377.0,570.0,506.0,452.0,464.0,472.0,451.0,370.0,362.0,389.0,570.0,452.0,471.0,-0.361328125,0.0830078125,1.115234375,52444.0,76.58536529541016,-125.67073822021484,-45.853660583496094,52444.0,-14.985458374023438,-6.97509765625,1.0160980224609375,52436.0,0.09762836992740631,-0.12104829400777817,-0.8157492876052856,0.5571075081825256,52444.0,0.0,0.0,92.0
307,1741795504.9557662,450.0,415.0,407.0,389.0,431.0,376.0,432.0,411.0,388.0,382.0,430.0,445.0,447.0,405.0,428.0,432.0,388.0,430.0,0.162109375,0.04150390625,1.0244140625,63381.0,-4.695122241973877,-28.04878044128418,2.317073345184326,63381.0,22.711898803710938,-5.6162261962890625,-6.7272491455078125,63381.0,0.15514999628067017,-0.5350656509399414,0.6688748598098755,0.492178350687027,63381.0,0.0,1.0,87.0
308,1741795504.9557662,450.0,415.0,407.0,389.0,431.0,376.0,432.0,411.0,388.0,382.0,430.0,445.0,447.0,405.0,428.0,432.0,388.0,430.0,0.166015625,0.04736328125,1.0322265625,63396.0,-6.890244007110596,-33.17073059082031,3.170731782913208,63396.0,22.111907958984375,-4.56622314453125,-6.5772552490234375,63396.0,0.15716011822223663,-0.5383366346359253,0.6671903729438782,0.49025624990463257,63396.0,0.0,1.0,87.0
309,1741795504.9713898,370.0,739.0,362.0,808.0,389.0,377.0,570.0,506.0,452.0,464.0,472.0,451.0,370.0,362.0,389.0,569.0,452.0,473.0,-0.68798828125,-0.21875,0.99853515625,52485.0,18.231708526611328,-99.69512176513672,28.109756469726562,52485.0,-14.980087280273438,-8.621688842773438,3.56414794921875,52477.0,0.07677048444747925,-0.1575544774532318,-0.8203514814376831,0.544340193271637,52485.0,0.0,0.0,92.0
310,1741795504.9873984,370.0,745.0,362.0,807.0,389.0,377.0,569.0,504.0,453.0,465.0,474.0,451.0,370.0,362.0,389.0,569.0,452.0,473.0,-0.7646484375,-0.20361328125,0.94482421875,52497.0,8.04878044128418,-91.4024429321289,42.13414764404297,52497.0,4.0141448974609375,1.5999908447265625,-26214.400390625,52497.0,0.06774937361478806,-0.16520772874355316,-0.8191361427307129,0.5450985431671143,52497.0,0.0,0.0,92.0
311,1741795504.9873984,450.0,415.0,407.0,389.0,431.0,376.0,432.0,411.0,388.0,382.0,430.0,445.0,453.0,408.0,434.0,431.0,388.0,430.0,0.1923828125,0.0400390625,1.0234375,63423.0,-6.402439117431641,-44.8780517578125,4.5731706619262695,63423.0,22.111907958984375,-5.466217041015625,-6.5772552490234375,63423.0,0.16142785549163818,-0.5441083908081055,0.6646159291267395,0.48597511649131775,63423.0,0.0,1.0,87.0
312,1741795505.003025,370.0,745.0,362.0,807.0,389.0,377.0,569.0,504.0,453.0,465.0,474.0,451.0,370.0,362.0,389.0,565.0,453.0,476.0,-1.03076171875,-0.1904296875,0.85009765625,52527.0,-32.5,-46.34146499633789,102.62195587158203,52527.0,6655.95849609375,-23039.98046875,27648.00390625,52519.0,0.05022093653678894,-0.17250150442123413,-0.8124735355377197,0.5546238422393799,52527.0,0.0,0.0,92.0
313,1741795505.0186484,450.0,415.0,407.0,389.0,431.0,376.0,432.0,411.0,388.0,382.0,430.0,445.0,453.0,408.0,434.0,431.0,388.0,430.0,0.18798828125,0.04248046875,1.02490234375,63439.0,-7.378048896789551,-48.84146499633789,6.646341800689697,63439.0,21.061904907226562,-5.0162200927734375,-7.3272552490234375,63431.0,0.1647394299507141,-0.5483852624893188,0.6629104018211365,0.48237115144729614,63439.0,0.0,1.0,87.0
314,1741795505.0186484,370.0,745.0,362.0,807.0,389.0,377.0,569.0,504.0,453.0,465.0,474.0,451.0,370.0,362.0,389.0,565.0,453.0,476.0,-1.06201171875,-0.1318359375,0.80419921875,52537.0,-42.621952056884766,-37.256099700927734,116.70732116699219,52537.0,-4103.69921875,-2475.953125,1219.62109375,52537.0,0.041460178792476654,-0.17038536071777344,-0.8056430220603943,0.565851628780365,52537.0,0.0,0.0,92.0
315,1741795505.0498948,370.0,745.0,362.0,807.0,389.0,377.0,569.0,504.0,453.0,465.0,474.0,451.0,370.0,362.0,389.0,565.0,453.0,476.0,-1.056640625,0.11865234375,0.7958984375,52558.0,-30.609756469726562,1.9512195587158203,190.1829376220703,52558.0,-17.830093383789062,-8.771682739257812,6.7141571044921875,52558.0,0.0293570589274168,-0.1649155616760254,-0.7885587215423584,0.5917021632194519,52558.0,0.0,0.0,92.0
316,1741795505.065519,370.0,724.0,362.0,808.0,389.0,377.0,566.0,497.0,453.0,465.0,477.0,451.0,370.0,362.0,389.0,565.0,453.0,476.0,-0.97021484375,-0.0419921875,0.80224609375,52578.0,-5.182927131652832,13.292683601379395,194.2073211669922,52578.0,-4218.8984375,-1707.953125,1296.421875,52578.0,0.024814153090119362,-0.1635362207889557,-0.7713295221328735,0.6145648956298828,52578.0,0.0,0.0,92.0
317,1741795505.065519,455.0,420.0,410.0,394.0,436.0,381.0,431.0,410.0,388.0,381.0,430.0,444.0,453.0,408.0,434.0,431.0,388.0,430.0,0.21484375,0.0341796875,1.01953125,63455.0,-10.182927131652832,-50.0,7.865853786468506,63455.0,21.211898803710938,-4.4162139892578125,-7.777252197265625,63447.0,0.16707830131053925,-0.5519776940345764,0.6613877415657043,0.47954925894737244,63455.0,0.0,1.0,87.0
318,1741795505.081142,455.0,420.0,410.0,394.0,436.0,381.0,431.0,410.0,388.0,381.0,430.0,444.0,453.0,408.0,434.0,431.0,388.0,430.0,0.23095703125,0.0546875,1.03759765625,63475.0,-10.670731544494629,-56.34146499633789,9.268293380737305,63475.0,17.01190185546875,-3.966217041015625,-11.227249145507812,63475.0,0.1705266386270523,-0.5571639537811279,0.6593427062034607,0.4751286208629608,63475.0,0.0,1.0,87.0
319,1741795505.0821464,455.0,420.0,410.0,394.0,436.0,381.0,431.0,410.0,388.0,381.0,430.0,444.0,457.0,412.0,437.0,432.0,388.0,430.0,0.2568359375,0.03125,1.07275390625,63506.0,-13.47560977935791,-79.8780517578125,10.914634704589844,63506.0,15.811904907226562,-2.7662200927734375,-12.427261352539062,63497.0,0.1805267184972763,-0.5702135562896729,0.6545488238334656,0.46242016553878784,63506.0,0.0,1.0,87.0
320,1741795505.0971496,458.0,422.0,413.0,396.0,437.0,383.0,432.0,410.0,389.0,382.0,431.0,445.0,458.0,414.0,438.0,432.0,389.0,432.0,0.3369140625,0.08251953125,1.412109375,63552.0,-40.24390411376953,-185.60975646972656,31.768293380737305,63552.0,12.34002685546875,-1.8950347900390625,-15.591903686523438,63552.0,0.2029673010110855,-0.597876787185669,0.6430955529212952,0.43333032727241516,63552.0,0.0,1.0,87.0
321,1741795505.1127765,370.0,724.0,362.0,808.0,389.0,377.0,566.0,497.0,453.0,465.0,477.0,451.0,370.0,363.0,389.0,566.0,450.0,480.0,-0.20556640625,0.85888671875,1.68603515625,52627.0,-120.97561645507812,200.91464233398438,-72.80487823486328,52627.0,-20.910751342773438,-8.16241455078125,9.818740844726562,52627.0,0.06212320923805237,-0.1200919896364212,-0.7604930996894836,0.6351131796836853,52627.0,0.0,0.0,92.0
322,1741795505.1127765,458.0,422.0,413.0,396.0,437.0,383.0,432.0,410.0,389.0,382.0,431.0,445.0,458.0,414.0,438.0,432.0,389.0,432.0,0.4609375,0.12841796875,1.71484375,63567.0,-51.40243911743164,-218.65853881835938,39.14634323120117,63567.0,10.690032958984375,-0.84503173828125,-14.241897583007812,63567.0,0.21686147153377533,-0.6173453330993652,0.6341866850852966,0.41189712285995483,63567.0,0.0,1.0,87.0
323,1741795505.1127765,458.0,422.0,415.0,396.0,438.0,383.0,433.0,413.0,391.0,385.0,434.0,446.0,458.0,414.0,438.0,432.0,389.0,432.0,0.35986328125,0.388671875,1.9638671875,63584.0,-80.48780822753906,-290.6097717285156,65.9756088256836,63584.0,7.3919830322265625,-0.6930694580078125,-14.093368530273438,63576.0,0.2333286702632904,-0.643908679485321,0.6207807660102844,0.38153713941574097,63584.0,0.0,1.0,87.0
324,1741795505.1283996,370.0,720.0,363.0,807.0,389.0,378.0,562.0,498.0,436.0,445.0,555.0,433.0,370.0,363.0,389.0,566.0,450.0,480.0,-0.02734375,0.34765625,2.6396484375,52647.0,-107.01219940185547,258.2926940917969,7.256097793579102,52647.0,-20.160751342773438,-7.71240234375,8.01873779296875,52647.0,0.08305920660495758,-0.07689184695482254,-0.7627227902412415,0.6367437839508057,52647.0,0.0,0.0,92.0
325,1741795505.1596465,458.0,422.0,415.0,396.0,438.0,383.0,433.0,413.0,391.0,385.0,434.0,446.0,458.0,414.0,438.0,432.0,389.0,432.0,0.6669921875,0.486328125,2.490234375,63601.0,-103.78048706054688,-351.95123291015625,97.31707763671875,63601.0,3.7919769287109375,0.8069305419921875,-15.443374633789062,63601.0,0.2500518262386322,-0.6760750412940979,0.6029036045074463,0.34191077947616577,63601.0,0.0,1.0,87.0
326,1741795505.1596465,370.0,720.0,363.0,807.0,389.0,378.0,562.0,498.0,436.0,445.0,555.0,433.0,370.0,363.0,389.0,566.0,450.0,480.0,-0.39111328125,-0.060546875,2.33056640625,52658.0,-108.96341705322266,206.5853729248047,16.40243911743164,52658.0,-20.160751342773438,-7.71240234375,8.01873779296875,52647.0,0.0907144546508789,-0.06006905809044838,-0.7615299224853516,0.638932466506958,52658.0,0.0,0.0,92.0
327,1741795505.1752696,458.0,422.0,415.0,396.0,438.0,383.0,433.0,413.0,391.0,385.0,434.0,446.0,458.0,414.0,438.0,432.0,389.0,432.0,0.8212890625,0.5537109375,2.4912109375,63617.0,-101.28048706054688,-380.4878234863281,119.26829528808594,63617.0,1.09197998046875,0.3574066162109375,-16.943374633789062,63617.0,0.2628706395626068,-0.7001365423202515,0.5888664126396179,0.3065028190612793,63617.0,0.0,1.0,87.0
328,1741795505.1822748,458.0,422.0,415.0,396.0,438.0,383.0,433.0,413.0,391.0,385.0,434.0,446.0,458.0,416.0,438.0,433.0,395.0,437.0,0.658203125,0.2529296875,2.49072265625,63633.0,-94.57317352294922,-357.68292236328125,147.43902587890625,63633.0,-1.6080169677734375,2.3074188232421875,-15.89337158203125,63633.0,0.27684974670410156,-0.728997528553009,0.5708627104759216,0.2569675147533417,63633.0,0.0,1.0,87.0
329,1741795505.191278,370.0,720.0,363.0,807.0,389.0,378.0,562.0,498.0,436.0,445.0,555.0,433.0,368.0,363.0,388.0,558.0,429.0,454.0,-0.13427734375,0.1279296875,1.4462890625,52688.0,-19.14634132385254,89.93902587890625,-8.292682647705078,52688.0,-17.910751342773438,-12.062408447265625,6.51873779296875,52688.0,0.10982517153024673,-0.02903847023844719,-0.7621385455131531,0.6373695731163025,52688.0,0.0,0.0,92.0
330,1741795505.191278,458.0,422.0,415.0,396.0,438.0,383.0,433.0,413.0,391.0,385.0,434.0,446.0,458.0,416.0,438.0,433.0,395.0,437.0,0.25048828125,0.85546875,2.10595703125,63650.0,-74.32926940917969,-358.6585388183594,157.9268341064453,63650.0,-4.310943603515625,2.761810302734375,-14.248733520507812,63642.0,0.2867202162742615,-0.7562942504882812,0.5504453778266907,0.2069278359413147,63650.0,0.0,1.0,87.0
331,1741795505.2069054,370.0,720.0,363.0,807.0,389.0,378.0,562.0,498.0,436.0,445.0,555.0,433.0,368.0,363.0,388.0,558.0,429.0,454.0,-0.02099609375,0.150390625,1.275390625,52698.0,-19.207317352294922,78.71951293945312,-3.353658676147461,52698.0,-17.910751342773438,-12.062408447265625,6.51873779296875,52688.0,0.11335526406764984,-0.024248072877526283,-0.7626349925994873,0.6363570690155029,52698.0,0.0,0.0,92.0
332,1741795505.2069054,459.0,422.0,415.0,396.0,439.0,383.0,433.0,415.0,400.0,392.0,438.0,446.0,458.0,416.0,438.0,433.0,395.0,437.0,-0.9052734375,0.685546875,1.27001953125,63667.0,-31.89024543762207,-361.82928466796875,152.8048858642578,63667.0,-10.766311645507812,5.3166961669921875,-9.15216064453125,63667.0,0.29642054438591003,-0.7758492231369019,0.5350902676582336,0.15450310707092285,63667.0,0.0,1.0,87.0
333,1741795505.2225304,367.0,433.0,363.0,805.0,387.0,378.0,545.0,472.0,428.0,435.0,446.0,423.0,366.0,362.0,387.0,554.0,427.0,445.0,-0.09521484375,0.06494140625,1.080078125,52746.0,-13.59756088256836,23.170732498168945,-0.4878048896789551,52746.0,-20.879501342773438,-10.536529541015625,12.037979125976562,52746.0,0.12619267404079437,-0.007382046431303024,-0.7669556140899658,0.6291261911392212,52746.0,0.0,0.0,92.0
334,1741795505.2381518,367.0,433.0,363.0,805.0,387.0,378.0,545.0,472.0,428.0,435.0,446.0,423.0,366.0,362.0,387.0,554.0,427.0,445.0,-0.056640625,0.05810546875,1.03955078125,52766.0,-13.658536911010742,16.40243911743164,-0.18292683362960815,52766.0,-21.479507446289062,-11.4365234375,12.637985229492188,52758.0,0.12714600563049316,-0.004400552250444889,-0.768457293510437,0.6271265149116516,52766.0,0.0,0.0,92.0
335,1741795505.2537744,459.0,422.0,415.0,396.0,439.0,383.0,433.0,415.0,400.0,392.0,438.0,446.0,458.0,416.0,438.0,433.0,395.0,437.0,-1.3896484375,0.4248046875,0.10009765625,63683.0,-55.60975646972656,-183.35366821289062,224.57318115234375,63683.0,-12.41632080078125,4.41668701171875,-7.5021514892578125,63683.0,0.2880105972290039,-0.7884191870689392,0.5286848545074463,0.12624336779117584,63683.0,0.0,1.0,87.0
336,1741795505.2693985,365.0,412.0,361.0,800.0,385.0,378.0,550.0,486.0,427.0,434.0,444.0,422.0,366.0,362.0,387.0,554.0,427.0,445.0,-0.03466796875,0.0556640625,1.01953125,52779.0,-12.804878234863281,14.268293380737305,0.060975611209869385,52779.0,-21.029495239257812,-9.9365234375,11.437973022460938,52779.0,0.1275642365217209,-0.0024862727150321007,-0.7694231867790222,0.6258664727210999,52779.0,0.0,0.0,92.0
337,1741795505.2693985,459.0,422.0,415.0,396.0,439.0,383.0,433.0,415.0,400.0,392.0,438.0,446.0,458.0,415.0,434.0,434.0,404.0,441.0,-0.69775390625,0.75732421875,1.263671875,63698.0,95.7317123413086,18.780488967895508,175.48780822753906,63698.0,-13.766311645507812,5.3166961669921875,-7.65216064453125,63698.0,0.26870134472846985,-0.7893247008323669,0.5416215062141418,0.10682769119739532,63698.0,0.0,1.0,87.0
338,1741795505.282404,459.0,422.0,415.0,396.0,439.0,383.0,433.0,415.0,400.0,392.0,438.0,446.0,458.0,415.0,434.0,434.0,404.0,441.0,-0.3984375,0.62060546875,0.58837890625,63716.0,71.34146881103516,63.78049087524414,89.39024353027344,63716.0,-12.41632080078125,6.66668701171875,-4.802154541015625,63707.0,0.25449270009994507,-0.7852268815040588,0.5553021430969238,0.10144782811403275,63716.0,0.0,1.0,87.0
339,1741795505.2854075,365.0,412.0,361.0,800.0,385.0,378.0,550.0,486.0,427.0,434.0,444.0,422.0,366.0,362.0,387.0,554.0,427.0,445.0,-0.0439453125,0.04931640625,1.0302734375,52800.0,-13.292683601379395,11.280488014221191,0.3048780560493469,52800.0,-20.879501342773438,-11.586532592773438,11.287979125976562,52800.0,0.1279025375843048,0.0005785217508673668,-0.7712683081626892,0.6235265731811523,52800.0,0.0,0.0,92.0
340,1741795505.2854075,458.0,418.0,415.0,395.0,434.0,382.0,435.0,416.0,404.0,396.0,441.0,451.0,458.0,415.0,434.0,434.0,404.0,441.0,-0.45654296875,0.54443359375,0.61474609375,63742.0,63.04878234863281,87.3780517578125,-67.56097412109375,63742.0,-255.9774627685547,-22784.029296875,-21455.994140625,63734.0,0.2526237368583679,-0.7738289833068848,0.5699421763420105,0.11196380108594894,63742.0,0.0,1.0,87.0
341,1741795505.3010342,458.0,418.0,415.0,395.0,434.0,382.0,435.0,416.0,404.0,396.0,441.0,451.0,458.0,415.0,434.0,435.0,404.0,442.0,-0.451171875,0.25244140625,0.697265625,63758.0,83.41463470458984,111.64634704589844,-103.41463470458984,63758.0,5.772064208984375,-7.65362548828125,12289.478515625,63750.0,0.2563554346561432,-0.7644245624542236,0.5785049200057983,0.12356794625520706,63758.0,0.0,1.0,87.0
342,1741795505.3010342,365.0,412.0,361.0,800.0,385.0,378.0,550.0,486.0,427.0,434.0,444.0,422.0,363.0,359.0,384.0,542.0,426.0,445.0,-0.041015625,0.03857421875,1.0263671875,52827.0,-9.085366249084473,9.390244483947754,-0.8536585569381714,52827.0,-21.571395874023438,-10.066513061523438,9.44403076171875,52827.0,0.12827567756175995,0.0036165397614240646,-0.7732658386230469,0.6209602952003479,52827.0,0.0,0.0,92.0
343,1741795505.3166592,365.0,412.0,361.0,800.0,385.0,378.0,550.0,486.0,427.0,434.0,444.0,422.0,363.0,359.0,384.0,542.0,426.0,445.0,-0.04345703125,0.04736328125,1.021484375,52838.0,-8.47560977935791,9.268293380737305,-0.792682945728302,52838.0,9.594039916992188,1.0039215087890625,257.00390625,52838.0,0.12845107913017273,0.004445253871381283,-0.774027943611145,0.6199682950973511,52838.0,0.0,0.0,92.0
344,1741795505.3479042,365.0,738.0,359.0,799.0,383.0,377.0,528.0,449.0,426.0,433.0,447.0,422.0,363.0,359.0,384.0,542.0,426.0,445.0,-0.05908203125,0.037109375,1.017578125,52858.0,-7.743902683258057,8.414634704589844,-0.9756097793579102,52858.0,-21.421401977539062,-11.86651611328125,9.594039916992188,52847.0,0.12894752621650696,0.006316928192973137,-0.7761425375938416,0.6171990633010864,52858.0,0.0,0.0,92.0
345,1741795505.3635278,365.0,738.0,359.0,799.0,383.0,377.0,528.0,449.0,426.0,433.0,447.0,422.0,365.0,358.0,383.0,528.0,427.0,448.0,-0.052734375,0.03955078125,1.01025390625,52877.0,-5.0,5.792683124542236,-0.9756097793579102,52877.0,-2692.2265625,1726.47265625,257.00390625,52877.0,0.12931416928768158,0.00745504442602396,-0.7777706384658813,0.6150562763214111,52877.0,0.0,0.0,92.0
346,1741795505.3635278,458.0,418.0,415.0,395.0,434.0,382.0,435.0,416.0,404.0,396.0,441.0,451.0,458.0,415.0,434.0,435.0,404.0,442.0,-0.474609375,0.08349609375,0.74609375,63773.0,87.68292999267578,126.58536529541016,-102.92683410644531,63773.0,-11.076080322265625,6.525970458984375,-9.15606689453125,63773.0,0.26029953360557556,-0.7495232224464417,0.5917179584503174,0.14257919788360596,63773.0,0.0,1.0,87.0
347,1741795505.3826542,458.0,418.0,415.0,395.0,434.0,382.0,436.0,417.0,404.0,397.0,442.0,453.0,458.0,415.0,434.0,435.0,404.0,442.0,-0.43408203125,-0.13330078125,0.86474609375,63790.0,100.42683410644531,162.5,-67.31707763671875,63790.0,-10.776077270507812,4.1259613037109375,-9.90606689453125,63790.0,0.2576195001602173,-0.7333259582519531,0.6078900098800659,0.16228051483631134,63790.0,0.0,1.0,87.0
348,1741795505.3951576,458.0,418.0,415.0,395.0,434.0,382.0,436.0,417.0,404.0,397.0,442.0,453.0,458.0,415.0,434.0,435.0,404.0,442.0,-0.3837890625,-0.22998046875,0.99365234375,63808.0,124.26829528808594,197.74391174316406,-3.0487804412841797,63808.0,-8.376083374023438,4.5759735107421875,-9.90606689453125,63799.0,0.24464957416057587,-0.715930163860321,0.6287952661514282,0.1794634461402893,63808.0,0.0,1.0,87.0
349,1741795505.3951576,458.0,418.0,415.0,395.0,434.0,382.0,436.0,417.0,404.0,397.0,442.0,453.0,458.0,415.0,434.0,436.0,405.0,442.0,-0.20166015625,-0.17041015625,1.2978515625,63852.0,162.256103515625,260.06097412109375,69.69512176513672,63852.0,-2.834381103515625,1.1332855224609375,-11.262405395507812,63852.0,0.18200978636741638,-0.6639364957809448,0.6930105686187744,0.2140020877122879,63852.0,0.0,1.0,87.0
350,1741795505.4107852,458.0,418.0,415.0,395.0,434.0,382.0,436.0,417.0,404.0,397.0,442.0,453.0,458.0,415.0,434.0,436.0,405.0,442.0,-0.15673828125,-0.1787109375,1.38330078125,63860.0,169.51219177246094,267.01220703125,66.09756469726562,63860.0,-2.834381103515625,1.1332855224609375,-11.262405395507812,63852.0,0.17476758360862732,-0.6577368378639221,0.6996322274208069,0.21760785579681396,63860.0,0.0,1.0,87.0
351,1741795505.4107852,458.0,418.0,416.0,396.0,434.0,382.0,437.0,418.0,405.0,398.0,443.0,454.0,458.0,415.0,434.0,436.0,405.0,442.0,-0.01123046875,-0.2919921875,1.4287109375,63878.0,185.06097412109375,272.80487060546875,56.40243911743164,63878.0,0.6136627197265625,-0.06085205078125,-12.769241333007812,63878.0,0.1381586641073227,-0.6232000589370728,0.7323678135871887,0.23700472712516785,63878.0,0.0,1.0,87.0
352,1741795505.4420316,365.0,734.0,358.0,798.0,382.0,374.0,531.0,455.0,427.0,434.0,448.0,424.0,365.0,358.0,383.0,528.0,427.0,448.0,-0.052734375,0.0380859375,1.00732421875,52907.0,-3.5365853309631348,4.817073345184326,-0.9756097793579102,52907.0,-20.176467895507812,-13.33331298828125,5.8259735107421875,52907.0,0.12992404401302338,0.008618389256298542,-0.7808540463447571,0.6109919548034668,52907.0,0.0,0.0,92.0
353,1741795505.4576552,458.0,418.0,416.0,396.0,434.0,382.0,437.0,418.0,405.0,398.0,443.0,454.0,458.0,416.0,434.0,437.0,405.0,443.0,0.40283203125,-0.396484375,1.57666015625,63903.0,195.1829376220703,222.07318115234375,45.24390411376953,63903.0,2.7136688232421875,0.2391510009765625,-13.369247436523438,63895.0,0.10498809814453125,-0.5848960876464844,0.7628946900367737,0.2546875476837158,63903.0,0.0,1.0,87.0
354,1741795505.4576552,365.0,734.0,358.0,798.0,382.0,374.0,531.0,455.0,427.0,434.0,448.0,424.0,365.0,358.0,383.0,528.0,427.0,448.0,-0.0498046875,0.0341796875,1.00927734375,52919.0,-2.0731706619262695,5.0,-1.0365853309631348,52919.0,-5165.171875,-3106.125,1491.44921875,52919.0,0.13026316463947296,0.008939262479543686,-0.7820243835449219,0.6094161868095398,52919.0,0.0,0.0,92.0
355,1741795505.473278,458.0,418.0,416.0,396.0,434.0,382.0,437.0,418.0,405.0,398.0,443.0,454.0,458.0,416.0,434.0,437.0,405.0,443.0,0.388671875,-0.39697265625,1.76708984375,63919.0,198.71951293945312,203.59756469726562,39.817073822021484,63919.0,6.164642333984375,-1.8603668212890625,-13.822174072265625,63919.0,0.08452962338924408,-0.5536231994628906,0.7848148941993713,0.26537081599235535,63919.0,0.0,1.0,87.0
356,1741795505.4827812,458.0,418.0,415.0,396.0,435.0,382.0,438.0,419.0,404.0,398.0,442.0,455.0,458.0,416.0,434.0,437.0,405.0,443.0,0.634765625,-0.2109375,2.54833984375,63935.0,192.6219482421875,204.8780517578125,10.304878234863281,63935.0,9.31463623046875,-4.56036376953125,-12.322174072265625,63935.0,0.06632287800312042,-0.5216153264045715,0.8036405444145203,0.2787122130393982,63935.0,0.0,1.0,87.0
357,1741795505.5049121,365.0,734.0,358.0,798.0,382.0,374.0,531.0,455.0,427.0,434.0,448.0,424.0,360.0,357.0,381.0,527.0,427.0,449.0,-0.05029296875,0.03369140625,1.01513671875,52947.0,-1.158536672592163,5.792683124542236,-1.158536672592163,52947.0,-18.526473999023438,-13.183303833007812,6.42596435546875,52947.0,0.13096457719802856,0.009855017066001892,-0.7843676805496216,0.6062316298484802,52947.0,0.0,0.0,92.0
358,1741795505.5049121,458.0,418.0,415.0,396.0,435.0,382.0,438.0,419.0,404.0,398.0,442.0,455.0,458.0,416.0,434.0,437.0,405.0,443.0,1.44921875,-0.3916015625,2.23193359375,63951.0,177.07318115234375,255.5487823486328,-75.91463470458984,63951.0,10.966598510742188,-3.211334228515625,-12.472183227539062,63943.0,0.047184303402900696,-0.48743936419487,0.8173760175704956,0.30343449115753174,63951.0,0.0,1.0,87.0
359,1741795505.5205376,458.0,418.0,415.0,396.0,435.0,382.0,438.0,419.0,404.0,398.0,442.0,455.0,458.0,415.0,435.0,438.0,404.0,441.0,1.82275390625,-0.73486328125,1.97265625,63968.0,161.21951293945312,252.19512939453125,-108.17073059082031,63968.0,10.966598510742188,-3.211334228515625,-12.472183227539062,63960.0,0.03422902524471283,-0.462019681930542,0.8237639665603638,0.32677072286605835,63968.0,0.0,1.0,87.0
360,1741795505.5205376,363.0,731.0,356.0,796.0,380.0,371.0,527.0,447.0,427.0,435.0,451.0,426.0,360.0,354.0,378.0,527.0,428.0,454.0,-0.05517578125,0.03759765625,1.01611328125,53016.0,2.1341464519500732,9.02439022064209,-0.9756097793579102,53016.0,-17.926467895507812,-12.58331298828125,6.275970458984375,53016.0,0.13521119952201843,0.010681255720555782,-0.790579080581665,0.5971475839614868,53016.0,0.0,0.0,92.0
361,1741795505.5361595,458.0,418.0,415.0,396.0,435.0,382.0,438.0,419.0,404.0,398.0,442.0,455.0,458.0,415.0,435.0,438.0,404.0,441.0,2.2666015625,-1.103515625,1.60400390625,63984.0,140.4268341064453,232.62196350097656,-114.51219940185547,63984.0,15.605850219726562,-6.80401611328125,-10.226089477539062,63984.0,0.018678322434425354,-0.42989078164100647,0.8284695148468018,0.35844558477401733,63984.0,0.0,1.0,87.0
362,1741795505.5361595,458.0,419.0,415.0,396.0,435.0,382.0,439.0,419.0,404.0,398.0,441.0,456.0,458.0,415.0,435.0,438.0,404.0,441.0,2.49462890625,-1.1953125,1.2763671875,64000.0,124.756103515625,213.78048706054688,-110.30487823486328,64000.0,16.205856323242188,-5.454010009765625,-7.67608642578125,64000.0,0.005459969863295555,-0.40268465876579285,0.8294847011566162,0.3870016932487488,64000.0,0.0,1.0,87.0
363,1741795505.5517817,363.0,731.0,356.0,796.0,380.0,371.0,527.0,447.0,427.0,435.0,451.0,426.0,360.0,354.0,378.0,527.0,428.0,454.0,-0.0693359375,0.0361328125,1.02294921875,53045.0,4.02439022064209,10.609756469726562,-0.8536585569381714,53045.0,-15.360366821289062,-11.81671142578125,3.269134521484375,53037.0,0.13776637613773346,0.01097010262310505,-0.792704164981842,0.5937306880950928,53045.0,0.0,0.0,92.0
364,1741795505.5517817,458.0,419.0,415.0,396.0,435.0,382.0,439.0,419.0,404.0,398.0,441.0,456.0,458.0,415.0,435.0,438.0,404.0,441.0,2.74560546875,-1.06591796875,0.765625,64018.0,56.09756088256836,143.0487823486328,-109.756103515625,64018.0,17.55584716796875,-4.8540191650390625,-6.326080322265625,64009.0,-0.0025807972997426987,-0.3892388641834259,0.8242083787918091,0.4112949073314667,64018.0,0.0,1.0,87.0
365,1741795505.5674052,360.0,721.0,352.0,792.0,376.0,367.0,527.0,446.0,430.0,438.0,458.0,431.0,360.0,354.0,378.0,527.0,428.0,454.0,-0.08935546875,0.04443359375,1.033203125,53084.0,3.0487804412841797,15.42682933807373,-0.792682945728302,53084.0,-3625.046875,-3601.078125,721.69921875,53077.0,0.14265084266662598,0.011855442076921463,-0.795962929725647,0.5881664156913757,53084.0,0.0,0.0,92.0
366,1741795505.5829084,360.0,721.0,352.0,792.0,376.0,367.0,527.0,446.0,430.0,438.0,458.0,431.0,359.0,351.0,375.0,527.0,433.0,459.0,-0.09765625,0.02880859375,1.0458984375,53106.0,4.634146690368652,20.0,0.4878048896789551,53106.0,-12.505966186523438,-12.410354614257812,-0.1803741455078125,53106.0,0.1460898071527481,0.012753786519169807,-0.7971729040145874,0.5856619477272034,53106.0,0.0,0.0,92.0
367,1741795505.5985348,360.0,721.0,352.0,792.0,376.0,367.0,527.0,446.0,430.0,438.0,458.0,431.0,359.0,351.0,375.0,527.0,433.0,459.0,-0.08984375,0.03271484375,1.04150390625,53118.0,7.682927131652832,22.560976028442383,0.9146341681480408,53118.0,-11.755966186523438,-12.710357666015625,-0.9303741455078125,53118.0,0.1478729099035263,0.013114912435412407,-0.7976433038711548,0.5845659375190735,53118.0,0.0,0.0,92.0
368,1741795505.6297817,360.0,707.0,351.0,794.0,376.0,367.0,528.0,445.0,437.0,446.0,463.0,442.0,359.0,351.0,375.0,527.0,433.0,459.0,-0.091796875,0.06640625,1.07861328125,53140.0,10.42682933807373,29.024391174316406,0.6097561120986938,53140.0,-9.655960083007812,-11.3603515625,-3.0303802490234375,53140.0,0.15431955456733704,0.014698881655931473,-0.7987432479858398,0.5813534259796143,53140.0,0.0,0.0,92.0
369,1741795505.6454053,360.0,707.0,351.0,794.0,376.0,367.0,528.0,445.0,437.0,446.0,463.0,442.0,359.0,353.0,378.0,533.0,445.0,468.0,-0.029296875,0.11083984375,1.35693359375,53158.0,26.34146499633789,59.20731735229492,-0.3048780560493469,53158.0,-9.80596923828125,-9.56036376953125,-2.1303863525390625,53158.0,0.15982551872730255,0.015291373245418072,-0.7990856766700745,0.5793776512145996,53158.0,0.0,0.0,92.0
370,1741795505.6610289,360.0,707.0,351.0,794.0,376.0,367.0,528.0,445.0,437.0,446.0,463.0,442.0,359.0,353.0,378.0,533.0,445.0,468.0,-0.060546875,0.14208984375,1.388671875,53180.0,25.54878044128418,89.81707763671875,-0.18292683362960815,53180.0,-8.455963134765625,-7.0103607177734375,-0.7803802490234375,53180.0,0.17833997309207916,0.020548738539218903,-0.7974050641059875,0.5761196613311768,53180.0,0.0,0.0,92.0
371,1741795505.6766517,458.0,419.0,415.0,396.0,435.0,382.0,439.0,419.0,404.0,398.0,441.0,456.0,457.0,415.0,433.0,439.0,405.0,441.0,3.9248046875,-1.5849609375,-0.14990234375,64035.0,-154.57318115234375,8.414634704589844,-90.30487823486328,64035.0,20.994613647460938,-5.6001129150390625,-5.2824249267578125,64035.0,-0.004151708446443081,-0.40916940569877625,0.8066417574882507,0.42648690938949585,64035.0,0.0,1.0,87.0
372,1741795505.683155,458.0,419.0,415.0,396.0,435.0,382.0,439.0,419.0,404.0,398.0,441.0,456.0,457.0,415.0,433.0,439.0,405.0,441.0,3.82373046875,-1.55859375,-0.0107421875,64053.0,-205.85366821289062,-123.9024429321289,-56.28049087524414,64053.0,21.594619750976562,-3.3501129150390625,-3.4824371337890625,64053.0,-0.0018986696377396584,-0.43904948234558105,0.789143443107605,0.4295157194137573,64053.0,0.0,1.0,87.0
373,1741795505.6926582,365.0,758.0,355.0,803.0,379.0,369.0,538.0,451.0,450.0,460.0,470.0,449.0,359.0,353.0,378.0,533.0,445.0,468.0,-0.05615234375,0.14404296875,1.45458984375,53207.0,23.170732498168945,132.74391174316406,-4.939024448394775,53207.0,-5.455963134765625,-3.710357666015625,-5.2803802490234375,53207.0,0.20476467907428741,0.03225589543581009,-0.7931249737739563,0.5726963877677917,53207.0,0.0,0.0,92.0
374,1741795505.6926582,455.0,409.0,414.0,388.0,423.0,375.0,439.0,419.0,406.0,399.0,441.0,457.0,457.0,415.0,433.0,439.0,405.0,441.0,-0.97705078125,-1.21923828125,1.40771484375,64069.0,-125.79268646240234,-135.24391174316406,-5.0,64069.0,20.54461669921875,-3.950103759765625,-5.2824249267578125,64061.0,0.008007477037608624,-0.46236902475357056,0.7788323760032654,0.4237563908100128,64069.0,0.0,1.0,87.0
375,1741795505.6926582,448.0,400.0,410.0,380.0,415.0,367.0,439.0,419.0,405.0,398.0,439.0,455.0,453.0,412.0,418.0,439.0,406.0,441.0,0.130859375,0.04248046875,1.0458984375,64157.0,-13.536585807800293,-11.52439022064209,0.6097561120986938,64157.0,22.909469604492188,-2.456451416015625,-1.3995208740234375,64157.0,0.03817085921764374,-0.514799952507019,0.756659209728241,0.4012357294559479,64157.0,0.0,1.0,87.0
376,1741795505.7082863,365.0,758.0,355.0,803.0,379.0,369.0,538.0,451.0,450.0,460.0,470.0,449.0,369.0,356.0,381.0,542.0,452.0,471.0,-0.15087890625,0.22021484375,1.40380859375,53227.0,-1.3414634466171265,157.98780822753906,-4.390244007110596,53227.0,-5.455963134765625,-3.710357666015625,-5.2803802490234375,53219.0,0.22436214983463287,0.045504193753004074,-0.7885980606079102,0.5707030892372131,53227.0,0.0,0.0,92.0
377,1741795505.7082863,448.0,400.0,410.0,380.0,415.0,367.0,439.0,419.0,405.0,398.0,439.0,455.0,446.0,407.0,414.0,438.0,404.0,437.0,0.109375,0.0693359375,1.0380859375,64174.0,-12.62195110321045,-6.890244007110596,2.0731706619262695,64174.0,-2.456451416015625,-1.3995208740234375,12289.00390625,64166.0,0.03683130443096161,-0.5163936018943787,0.7547341585159302,0.4029349088668823,64174.0,0.0,1.0,87.0
378,1741795505.7239087,365.0,758.0,355.0,803.0,379.0,369.0,538.0,451.0,450.0,460.0,470.0,449.0,369.0,356.0,381.0,542.0,452.0,471.0,-0.1416015625,0.19921875,1.4052734375,53238.0,-7.560976028442383,173.10975646972656,-12.195121765136719,53238.0,-21248.017578125,-16128.03125,1632.0078125,53238.0,0.239600270986557,0.058028046041727066,-0.784745454788208,0.5686804056167603,53238.0,0.0,0.0,92.0
379,1741795505.7239087,448.0,400.0,410.0,380.0,415.0,367.0,439.0,419.0,405.0,398.0,439.0,455.0,446.0,407.0,414.0,438.0,404.0,437.0,0.11376953125,0.04150390625,1.0380859375,64189.0,-10.365854263305664,-5.97560977935791,0.8536585569381714,64189.0,21.109466552734375,-2.1564483642578125,-0.94952392578125,64182.0,0.03491932153701782,-0.5179787874221802,0.7524898052215576,0.40526083111763,64189.0,0.0,1.0,87.0
380,1741795505.7558775,369.0,740.0,359.0,806.0,384.0,373.0,543.0,455.0,452.0,462.0,471.0,451.0,369.0,356.0,381.0,542.0,452.0,471.0,-0.23193359375,0.34912109375,1.4873046875,53267.0,-39.69512176513672,179.51220703125,-15.731707572937012,53267.0,-3.05596923828125,-4.9103546142578125,-11.430374145507812,53259.0,0.2673446536064148,0.08925563842058182,-0.7752988934516907,0.5652174949645996,53267.0,0.0,0.0,92.0
381,1741795505.7868898,369.0,740.0,359.0,806.0,384.0,373.0,543.0,455.0,452.0,462.0,471.0,451.0,369.0,356.0,381.0,542.0,452.0,471.0,0.685546875,0.1826171875,0.8349609375,53286.0,-9.87804889678955,148.90243530273438,-26.829269409179688,53286.0,1.44403076171875,-3.56036376953125,-11.730377197265625,53286.0,0.2875981330871582,0.11076955497264862,-0.7691602110862732,0.5598298907279968,53286.0,0.0,0.0,92.0
382,1741795505.7868898,448.0,400.0,410.0,380.0,415.0,367.0,439.0,419.0,405.0,398.0,439.0,455.0,446.0,407.0,414.0,438.0,404.0,437.0,0.10888671875,0.0341796875,1.0244140625,64197.0,-6.463414669036865,-4.939024448394775,0.9146341681480408,64197.0,21.559463500976562,-3.3564605712890625,-0.4995269775390625,64197.0,0.03411649912595749,-0.5184435248374939,0.7515826225280762,0.4064163565635681,64197.0,0.0,1.0,87.0
383,1741795505.802517,369.0,740.0,359.0,806.0,384.0,373.0,543.0,455.0,452.0,462.0,471.0,451.0,367.0,360.0,386.0,544.0,451.0,469.0,1.6435546875,0.56201171875,0.96533203125,53319.0,-59.08536911010742,-42.07317352294922,71.46341705322266,53319.0,3.2440338134765625,-5.960357666015625,-10.08038330078125,53319.0,0.2827315926551819,0.11819754540920258,-0.75950026512146,0.5738018155097961,53319.0,0.0,0.0,92.0
384,1741795505.8191106,367.0,755.0,361.0,807.0,387.0,376.0,544.0,458.0,451.0,461.0,469.0,450.0,367.0,360.0,386.0,544.0,451.0,469.0,1.3876953125,0.4140625,0.85107421875,53337.0,-45.4878044128418,-128.0487823486328,50.54878234863281,53337.0,1.1440277099609375,-4.6103515625,-10.680374145507812,53337.0,0.2695494592189789,0.11344810575246811,-0.7571378946304321,0.5841282606124878,53337.0,0.0,0.0,92.0
385,1741795505.8341143,445.0,397.0,407.0,377.0,413.0,365.0,438.0,417.0,401.0,396.0,436.0,452.0,446.0,407.0,414.0,438.0,404.0,437.0,0.11328125,0.0458984375,1.01416015625,64214.0,-2.7439024448394775,-5.487804889678955,0.6097561120986938,64214.0,21.25946044921875,-3.6564483642578125,-1.099517822265625,64214.0,0.032828882336616516,-0.5191466808319092,0.7500243782997131,0.4084974527359009,64214.0,0.0,1.0,87.0
386,1741795505.8341143,445.0,397.0,407.0,377.0,413.0,365.0,438.0,417.0,401.0,396.0,436.0,452.0,446.0,407.0,414.0,438.0,404.0,437.0,0.10595703125,0.04443359375,1.01416015625,64231.0,0.3048780560493469,-5.792683124542236,0.6707317233085632,64231.0,20.359466552734375,-2.1564483642578125,-0.94952392578125,64231.0,0.03170857951045036,-0.5194934010505676,0.7486517429351807,0.41065627336502075,64231.0,0.0,1.0,87.0
387,1741795505.8341143,367.0,755.0,361.0,807.0,387.0,376.0,544.0,458.0,451.0,461.0,469.0,450.0,367.0,360.0,386.0,544.0,451.0,469.0,0.86083984375,0.54345703125,0.88232421875,53357.0,-45.97561264038086,-143.41464233398438,20.975610733032227,53357.0,-0.955963134765625,-3.2603607177734375,-10.08038330078125,53357.0,0.2446407675743103,0.10267256945371628,-0.7590585947036743,0.5945042967796326,53357.0,0.0,0.0,92.0
388,1741795505.8497412,444.0,399.0,405.0,378.0,415.0,365.0,438.0,415.0,396.0,393.0,434.0,452.0,444.0,406.0,414.0,438.0,398.0,435.0,0.1123046875,0.0615234375,1.00439453125,64275.0,-1.8292683362960815,-7.621951580047607,1.7682926654815674,64275.0,20.339935302734375,-4.2486419677734375,-0.96563720703125,64275.0,0.029745027422904968,-0.5201595425605774,0.7459185123443604,0.41490837931632996,64275.0,0.0,1.0,87.0
389,1741795505.865365,444.0,399.0,405.0,378.0,415.0,365.0,438.0,415.0,396.0,393.0,434.0,452.0,444.0,405.0,417.0,437.0,395.0,433.0,0.1181640625,0.05029296875,1.01318359375,64312.0,-2.865853786468506,-9.329268455505371,1.7682926654815674,64312.0,21.539932250976562,-4.9986419677734375,0.6843719482421875,64312.0,0.027245454490184784,-0.521960437297821,0.7424696087837219,0.4189888536930084,64312.0,0.0,1.0,87.0
390,1741795505.865365,367.0,755.0,361.0,807.0,387.0,376.0,544.0,458.0,451.0,461.0,469.0,450.0,368.0,361.0,388.0,544.0,451.0,470.0,0.45458984375,0.64013671875,1.02685546875,53385.0,-3.9634146690368652,-140.24391174316406,-9.02439022064209,53385.0,-2.0059661865234375,-3.2603607177734375,-8.58038330078125,53385.0,0.21728594601154327,0.08628573268651962,-0.7664675116539001,0.598219096660614,53385.0,0.0,0.0,92.0
391,1741795505.865365,444.0,399.0,405.0,378.0,415.0,365.0,438.0,415.0,396.0,393.0,434.0,452.0,444.0,405.0,417.0,437.0,395.0,433.0,0.1220703125,0.044921875,1.0126953125,64328.0,-2.6219513416290283,-9.634146690368652,1.2195122241973877,64328.0,20.339935302734375,-4.2486419677734375,0.2343597412109375,64328.0,0.026416942477226257,-0.5227782726287842,0.7410233616828918,0.4205799698829651,64328.0,0.0,1.0,87.0
392,1741795505.8834934,444.0,403.0,404.0,380.0,419.0,368.0,436.0,413.0,393.0,390.0,432.0,451.0,444.0,405.0,417.0,437.0,395.0,433.0,0.13134765625,0.05029296875,1.00146484375,64344.0,-2.5,-9.268293380737305,1.2804877758026123,64344.0,22.289932250976562,-4.54864501953125,0.6843719482421875,64344.0,0.02575194463133812,-0.5233784914016724,0.7399001717567444,0.4218505322933197,64344.0,0.0,1.0,87.0
393,1741795505.896997,368.0,753.0,361.0,807.0,388.0,377.0,545.0,459.0,451.0,462.0,470.0,450.0,368.0,361.0,388.0,544.0,451.0,470.0,0.251953125,0.52490234375,1.060546875,53407.0,18.170732498168945,-132.43902587890625,-9.817073822021484,53407.0,-2.6059722900390625,-4.9103546142578125,-8.430374145507812,53407.0,0.19897349178791046,0.06877738237380981,-0.7735188007354736,0.5977831482887268,53407.0,0.0,0.0,92.0
394,1741795505.9126244,444.0,403.0,404.0,380.0,419.0,368.0,436.0,413.0,393.0,390.0,432.0,451.0,444.0,405.0,417.0,437.0,395.0,433.0,0.13427734375,0.05029296875,1.00244140625,64359.0,-2.378048896789551,-9.085366249084473,1.5243902206420898,64359.0,20.48992919921875,-3.198638916015625,0.384368896484375,64351.0,0.02483425661921501,-0.5241438746452332,0.738392174243927,0.4235941767692566,64359.0,0.0,1.0,87.0
395,1741795505.928249,368.0,753.0,361.0,807.0,388.0,377.0,545.0,459.0,451.0,462.0,470.0,450.0,368.0,361.0,388.0,544.0,451.0,470.0,0.16259765625,0.50830078125,1.0947265625,53417.0,24.817073822021484,-123.2317123413086,-5.0,53417.0,-2.6059722900390625,-4.9103546142578125,-8.430374145507812,53407.0,0.19260083138942719,0.061588481068611145,-0.7760079503059387,0.597428023815155,53417.0,0.0,0.0,92.0
396,1741795505.943871,368.0,753.0,361.0,807.0,388.0,377.0,545.0,459.0,451.0,462.0,470.0,450.0,368.0,361.0,388.0,545.0,451.0,470.0,0.1005859375,0.359375,1.0751953125,53437.0,35.42683029174805,-107.74390411376953,7.134146690368652,53437.0,-3.955963134765625,-3.710357666015625,-8.280380249023438,53437.0,0.17923563718795776,0.043519727885723114,-0.7804519534111023,0.5973877906799316,53437.0,0.0,0.0,92.0
397,1741795505.943871,444.0,403.0,404.0,380.0,419.0,368.0,436.0,413.0,393.0,390.0,432.0,451.0,444.0,404.0,422.0,435.0,391.0,431.0,0.13232421875,0.04833984375,1.00390625,64376.0,-2.378048896789551,-9.02439022064209,1.2804877758026123,64376.0,22.289932250976562,-4.9986419677734375,1.7343597412109375,64368.0,0.02408706769347191,-0.5247117280960083,0.7372303605079651,0.4249560236930847,64376.0,0.0,1.0,87.0
398,1741795505.959496,444.0,403.0,404.0,380.0,419.0,368.0,436.0,413.0,393.0,390.0,432.0,451.0,444.0,404.0,422.0,435.0,391.0,431.0,0.1328125,0.0478515625,1.005859375,64392.0,-2.5,-8.47560977935791,1.2804877758026123,64392.0,22.889938354492188,-3.198638916015625,1.134368896484375,64392.0,0.02291986718773842,-0.525464653968811,0.7355378270149231,0.42701834440231323,64392.0,0.0,1.0,87.0
399,1741795505.959496,368.0,755.0,362.0,807.0,388.0,377.0,545.0,459.0,452.0,463.0,471.0,451.0,368.0,361.0,388.0,545.0,451.0,470.0,0.10888671875,0.25048828125,1.16552734375,53479.0,37.07317352294922,-83.29268646240234,45.853660583496094,53479.0,-6.05596923828125,-4.6103515625,-6.480377197265625,53479.0,0.1621372550725937,0.012170707806944847,-0.7810044884681702,0.6029868721961975,53479.0,0.0,0.0,92.0
400,1741795505.9751177,445.0,408.0,404.0,383.0,425.0,371.0,434.0,411.0,390.0,386.0,431.0,449.0,444.0,404.0,422.0,435.0,391.0,431.0,0.13525390625,0.0517578125,1.0107421875,64408.0,-1.6463415622711182,-7.5,1.2804877758026123,64408.0,23.039932250976562,-3.79864501953125,2.9343719482421875,64408.0,0.021613240242004395,-0.5260935425758362,0.7338340878486633,0.42923784255981445,64408.0,0.0,1.0,87.0
401,1741795505.9836211,445.0,408.0,404.0,383.0,425.0,371.0,434.0,411.0,390.0,386.0,431.0,449.0,444.0,404.0,422.0,435.0,391.0,431.0,0.150390625,0.04443359375,1.0068359375,64433.0,-1.4634146690368652,-7.865853786468506,0.6097561120986938,64433.0,22.589935302734375,-4.54864501953125,0.6843719482421875,64433.0,0.01996871456503868,-0.5270213484764099,0.7314903140068054,0.43217021226882935,64433.0,0.0,1.0,87.0
402,1741795505.9911242,368.0,755.0,362.0,807.0,388.0,377.0,545.0,459.0,452.0,463.0,471.0,451.0,369.0,362.0,389.0,546.0,452.0,472.0,0.12841796875,0.2802734375,1.19775390625,53504.0,35.79268264770508,-80.54878234863281,58.84146499633789,53504.0,-8.455963134765625,-4.460357666015625,-4.08038330078125,53504.0,0.15269747376441956,-0.007970734499394894,-0.7764225602149963,0.6113809943199158,53504.0,0.0,0.0,92.0
403,1741795505.9911242,445.0,408.0,404.0,383.0,425.0,371.0,434.0,411.0,390.0,386.0,431.0,449.0,446.0,404.0,427.0,433.0,389.0,430.0,0.14013671875,0.0498046875,1.0078125,64449.0,-1.7073171138763428,-8.170731544494629,0.5487805008888245,64449.0,23.339935302734375,-4.2486419677734375,1.4343719482421875,64441.0,0.019127454608678818,-0.5274941921234131,0.7302391529083252,0.4337444603443146,64449.0,0.0,1.0,87.0
404,1741795505.9911242,445.0,408.0,404.0,383.0,425.0,371.0,434.0,411.0,390.0,386.0,431.0,449.0,446.0,404.0,427.0,433.0,389.0,430.0,0.14794921875,0.05517578125,1.00732421875,64466.0,-2.012195110321045,-10.12195110321045,1.2804877758026123,64466.0,24.539932250976562,-4.2486419677734375,1.7343597412109375,64457.0,0.017992321401834488,-0.5282201766967773,0.7284955382347107,0.4358366131782532,64466.0,0.0,1.0,87.0
405,1741795506.0073345,368.0,755.0,362.0,807.0,388.0,377.0,545.0,459.0,452.0,463.0,471.0,451.0,369.0,362.0,389.0,546.0,452.0,472.0,0.11962890625,0.2744140625,1.2138671875,53527.0,35.853660583496094,-82.3780517578125,62.07317352294922,53527.0,-8.155960083007812,-4.460357666015625,-4.08038330078125,53527.0,0.14456841349601746,-0.025021087378263474,-0.771678626537323,0.6188580989837646,53527.0,0.0,0.0,92.0
406,1741795506.0228374,369.0,752.0,362.0,808.0,389.0,377.0,546.0,460.0,452.0,463.0,472.0,451.0,369.0,362.0,389.0,546.0,452.0,472.0,0.1279296875,0.28955078125,1.20703125,53545.0,30.670732498168945,-82.19512176513672,50.060977935791016,53545.0,-10.55596923828125,-4.9103546142578125,-4.3803863525390625,53545.0,0.13762977719306946,-0.03804042190313339,-0.7683877944946289,0.6238515377044678,53545.0,0.0,0.0,92.0
407,1741795506.0384648,447.0,412.0,405.0,386.0,429.0,374.0,432.0,410.0,389.0,384.0,430.0,446.0,446.0,404.0,427.0,433.0,389.0,430.0,0.1455078125,0.05224609375,1.00146484375,64481.0,-3.2317073345184326,-11.036585807800293,1.8292683362960815,64481.0,23.189926147460938,-4.8486480712890625,0.8343658447265625,64481.0,0.017078468576073647,-0.5292260646820068,0.7268005013465881,0.43748006224632263,64481.0,0.0,1.0,87.0
408,1741795506.0384648,369.0,752.0,362.0,808.0,389.0,377.0,546.0,460.0,452.0,463.0,472.0,451.0,369.0,362.0,389.0,546.0,452.0,472.0,0.10693359375,0.32373046875,1.2138671875,53566.0,30.30487823486328,-80.9756088256836,35.182926177978516,53566.0,-10.405960083007812,-6.2603607177734375,-1.980377197265625,53566.0,0.1289457231760025,-0.05351527780294418,-0.7661511898040771,0.6273126602172852,53566.0,0.0,0.0,92.0
409,1741795506.054089,447.0,412.0,405.0,386.0,429.0,374.0,432.0,410.0,389.0,384.0,430.0,446.0,446.0,404.0,427.0,433.0,389.0,430.0,0.142578125,0.04443359375,1.0185546875,64499.0,-3.7195122241973877,-13.170732498168945,1.5243902206420898,64499.0,23.789932250976562,-4.2486419677734375,1.4343719482421875,64499.0,0.016329927369952202,-0.5304092764854431,0.7250182628631592,0.43903034925460815,64499.0,0.0,1.0,87.0
410,1741795506.054089,369.0,752.0,362.0,808.0,389.0,377.0,546.0,460.0,452.0,463.0,472.0,451.0,369.0,362.0,389.0,546.0,452.0,474.0,0.052734375,0.359375,1.21875,53578.0,30.0,-79.0243911743164,23.658536911010742,53578.0,-10.405960083007812,-6.2603607177734375,-1.980377197265625,53566.0,0.1256013959646225,-0.05948500335216522,-0.7659083008766174,0.6277499794960022,53578.0,0.0,0.0,92.0
411,1741795506.069712,447.0,412.0,405.0,386.0,429.0,374.0,432.0,410.0,389.0,384.0,430.0,446.0,448.0,405.0,431.0,432.0,388.0,430.0,0.15283203125,0.03857421875,1.017578125,64517.0,-2.8048782348632812,-17.317073822021484,1.3414634466171265,64517.0,-3327.993896484375,-26319.99609375,257.00390625,64508.0,0.015977852046489716,-0.5317177176475525,0.7232961654663086,0.44029930233955383,64517.0,0.0,1.0,87.0
412,1741795506.069712,447.0,412.0,405.0,386.0,429.0,374.0,432.0,410.0,389.0,384.0,430.0,446.0,448.0,405.0,431.0,432.0,388.0,430.0,0.1611328125,0.0498046875,1.0244140625,64534.0,-2.7439024448394775,-19.69512176513672,2.1341464519500732,64534.0,23.039932250976562,-5.7486419677734375,0.9843597412109375,64534.0,0.016080664470791817,-0.533237099647522,0.7217098474502563,0.4410604238510132,64534.0,0.0,1.0,87.0
413,1741795506.0857189,450.0,417.0,406.0,390.0,433.0,378.0,431.0,410.0,388.0,382.0,429.0,444.0,448.0,405.0,431.0,432.0,388.0,430.0,0.1708984375,0.0498046875,1.01513671875,64551.0,-3.353658676147461,-24.08536720275879,2.4390244483947754,64551.0,-11264.017578125,-3327.99267578125,26160.00390625,64551.0,0.016517851501703262,-0.5350147485733032,0.7201180458068848,0.44149306416511536,64551.0,0.0,1.0,87.0
414,1741795506.1013453,369.0,752.0,362.0,808.0,389.0,377.0,546.0,460.0,452.0,463.0,472.0,451.0,369.0,362.0,389.0,546.0,452.0,474.0,-0.0234375,0.39306640625,1.2451171875,53597.0,32.43902587890625,-76.82926940917969,11.036585807800293,53597.0,-11.30596923828125,-5.3603515625,-1.6803741455078125,53597.0,0.11782265454530716,-0.07410063594579697,-0.766336977481842,0.6271796226501465,53597.0,0.0,0.0,92.0
415,1741795506.1169686,369.0,758.0,362.0,807.0,389.0,377.0,546.0,460.0,453.0,464.0,475.0,451.0,369.0,362.0,389.0,546.0,452.0,474.0,-0.05078125,0.39453125,1.275390625,53619.0,31.89024543762207,-81.95121765136719,4.512195110321045,53619.0,-11.905960083007812,-5.5103607177734375,-0.0303802490234375,53619.0,0.1093263253569603,-0.08918920159339905,-0.7675398588180542,0.6252801418304443,53619.0,0.0,0.0,92.0
416,1741795506.1325922,450.0,417.0,406.0,390.0,433.0,378.0,431.0,410.0,388.0,382.0,429.0,444.0,448.0,405.0,431.0,432.0,388.0,430.0,0.1787109375,0.0361328125,1.01904296875,64568.0,-3.9634146690368652,-26.95121955871582,3.1097562313079834,64568.0,22.439926147460938,-5.5986480712890625,0.8343658447265625,64559.0,0.017258241772651672,-0.5371236205101013,0.7185298204421997,0.44149184226989746,64568.0,0.0,1.0,87.0
417,1741795506.1325922,450.0,417.0,406.0,390.0,433.0,378.0,431.0,410.0,388.0,382.0,429.0,444.0,453.0,408.0,435.0,431.0,388.0,430.0,0.18359375,0.04443359375,1.025390625,64585.0,-4.329268455505371,-33.10975646972656,2.0731706619262695,64585.0,23.039932250976562,-3.79864501953125,1.7343597412109375,64577.0,0.018106184899806976,-0.5390071868896484,0.7171456217765808,0.44141295552253723,64585.0,0.0,1.0,87.0
418,1741795506.1482155,369.0,758.0,362.0,807.0,389.0,377.0,546.0,460.0,453.0,464.0,475.0,451.0,369.0,362.0,389.0,546.0,452.0,474.0,-0.18212890625,0.46533203125,1.2333984375,53644.0,44.45122146606445,-110.7317123413086,5.487804889678955,53644.0,-10.55596923828125,-4.31036376953125,-0.6303863525390625,53636.0,0.09849432855844498,-0.1082451343536377,-0.7688129544258118,0.6225014328956604,53644.0,0.0,0.0,92.0
419,1741795506.1482155,450.0,417.0,406.0,390.0,433.0,378.0,431.0,410.0,388.0,382.0,429.0,444.0,453.0,408.0,435.0,431.0,388.0,430.0,0.1923828125,0.03515625,1.0283203125,64601.0,-3.841463565826416,-37.9878044128418,2.0731706619262695,64601.0,22.139938354492188,-3.948638916015625,1.134368896484375,64601.0,0.019835177809000015,-0.5417819619178772,0.7153530120849609,0.44084998965263367,64601.0,0.0,1.0,87.0
420,1741795506.1638389,369.0,758.0,362.0,807.0,389.0,377.0,546.0,460.0,453.0,464.0,475.0,451.0,370.0,362.0,389.0,546.0,453.0,477.0,-0.443359375,0.1728515625,1.123046875,53676.0,84.08536529541016,-88.10975646972656,19.63414764404297,53676.0,31231.9765625,-16128.0029296875,-24831.99609375,53676.0,0.08735287189483643,-0.1449826955795288,-0.7675709128379822,0.6182100772857666,53676.0,0.0,0.0,92.0
421,1741795506.1638389,455.0,420.0,409.0,395.0,436.0,381.0,431.0,410.0,388.0,381.0,430.0,443.0,453.0,408.0,435.0,431.0,388.0,430.0,0.20654296875,0.04638671875,1.01904296875,64616.0,-2.5,-41.82926940917969,3.170731782913208,64616.0,-818.84765625,-93.600830078125,257.00390625,64616.0,0.0214841291308403,-0.5439010858535767,0.7141539454460144,0.44010674953460693,64616.0,0.0,1.0,87.0
422,1741795506.1794624,455.0,420.0,409.0,395.0,436.0,381.0,431.0,410.0,388.0,381.0,430.0,443.0,453.0,408.0,435.0,431.0,388.0,430.0,0.2177734375,0.04150390625,1.01513671875,64632.0,-2.682926893234253,-44.26829528808594,3.841463565826416,64632.0,-1.9986419677734375,0.384368896484375,12289.00390625,64632.0,0.023954713717103004,-0.5470269918441772,0.7125594615936279,0.43868717551231384,64632.0,0.0,1.0,87.0
423,1741795506.1839666,370.0,760.0,362.0,808.0,389.0,377.0,546.0,460.0,453.0,464.0,482.0,451.0,370.0,362.0,389.0,546.0,453.0,477.0,-0.53955078125,0.056640625,1.05908203125,53697.0,82.80487823486328,-78.9024429321289,30.48780632019043,53697.0,-13.255966186523438,-4.9103546142578125,1.16961669921875,53697.0,0.08507445454597473,-0.163024440407753,-0.7643958926200867,0.6179673075675964,53697.0,0.0,0.0,92.0
424,1741795506.1954703,455.0,420.0,409.0,395.0,436.0,381.0,431.0,410.0,388.0,381.0,430.0,443.0,456.0,410.0,437.0,431.0,388.0,430.0,0.2275390625,0.029296875,1.00390625,64648.0,-2.5609755516052246,-47.0121955871582,3.841463565826416,64648.0,20.189926147460938,-1.9986419677734375,-1.115631103515625,64640.0,0.02696656808257103,-0.550354540348053,0.7111596465110779,0.43661683797836304,64648.0,0.0,1.0,87.0
425,1741795506.2110984,370.0,760.0,362.0,808.0,389.0,377.0,546.0,460.0,453.0,464.0,482.0,451.0,370.0,363.0,389.0,546.0,453.0,499.0,-0.83984375,-0.03857421875,0.998046875,53725.0,67.56097412109375,-53.90243911743164,41.524391174316406,53725.0,-14.30596923828125,-5.6603546142578125,2.66961669921875,53725.0,0.08259647339582443,-0.18834058940410614,-0.7564982771873474,0.6208183765411377,53725.0,0.0,0.0,92.0
426,1741795506.2267206,455.0,420.0,409.0,395.0,436.0,381.0,431.0,410.0,388.0,381.0,430.0,443.0,456.0,410.0,437.0,431.0,388.0,430.0,0.23291015625,0.0380859375,1.00244140625,64657.0,-1.585365891456604,-49.024391174316406,3.0487804412841797,64657.0,18.839935302734375,-2.5986480712890625,-2.46563720703125,64657.0,0.028755702078342438,-0.5520445108413696,0.7105426788330078,0.43537187576293945,64657.0,0.0,1.0,87.0
427,1741795506.2423437,455.0,420.0,409.0,395.0,436.0,381.0,431.0,410.0,388.0,381.0,430.0,443.0,456.0,410.0,437.0,431.0,388.0,430.0,0.25341796875,0.03564453125,1.02734375,64675.0,0.6707317233085632,-56.03658676147461,2.0731706619262695,64675.0,27903.99609375,23039.98828125,-26319.99609375,64666.0,0.032974209636449814,-0.5555101037025452,0.7094160318374634,0.43249228596687317,64675.0,0.0,1.0,87.0
428,1741795506.2423437,370.0,760.0,363.0,808.0,389.0,377.0,547.0,461.0,453.0,464.0,558.0,453.0,370.0,363.0,389.0,546.0,453.0,499.0,-1.06689453125,-0.16357421875,0.86669921875,53757.0,38.29268264770508,-37.19512176513672,21.03658676147461,53757.0,5119.978515625,22784.013671875,1536.007080078125,53757.0,0.08023186773061752,-0.2061958909034729,-0.7507674098014832,0.6224098205566406,53757.0,0.0,0.0,92.0
429,1741795506.2579675,457.0,422.0,412.0,396.0,438.0,383.0,431.0,410.0,388.0,381.0,430.0,443.0,456.0,410.0,437.0,431.0,388.0,430.0,0.2705078125,0.0498046875,1.04931640625,64691.0,0.792682945728302,-65.18292999267578,2.5609755516052246,64691.0,17.039932250976562,-2.7486419677734375,-5.3156280517578125,64691.0,0.038394831120967865,-0.5593879818916321,0.7084187269210815,0.4286641776561737,64691.0,0.0,1.0,87.0
430,1741795506.2579675,370.0,760.0,363.0,808.0,389.0,377.0,547.0,461.0,453.0,464.0,558.0,453.0,370.0,363.0,389.0,546.0,453.0,499.0,-1.10400390625,-0.16162109375,0.8271484375,53766.0,30.609756469726562,-24.817073822021484,14.085366249084473,53766.0,-14.605972290039062,-6.2603607177734375,2.8196258544921875,53766.0,0.07983866333961487,-0.20957699418067932,-0.7499949336051941,0.6222622990608215,53766.0,0.0,0.0,92.0
431,1741795506.2735913,457.0,422.0,412.0,396.0,438.0,383.0,431.0,410.0,388.0,381.0,430.0,443.0,458.0,413.0,438.0,431.0,388.0,431.0,0.26708984375,0.0439453125,1.0498046875,64715.0,2.7439024448394775,-77.74390411376953,2.317073345184326,64715.0,14.189926147460938,-2.5986480712890625,-4.2656402587890625,64715.0,0.0473165325820446,-0.5650291442871094,0.7074204683303833,0.4219689667224884,64715.0,0.0,1.0,87.0
432,1741795506.284097,457.0,422.0,412.0,396.0,438.0,383.0,431.0,410.0,388.0,381.0,430.0,443.0,458.0,413.0,438.0,431.0,388.0,431.0,0.30615234375,0.05712890625,1.05908203125,64730.0,4.329268455505371,-93.96341705322266,3.2926831245422363,64730.0,-11264.009765625,9983.9736328125,13056.0087890625,64730.0,0.05636974424123764,-0.5703837275505066,0.7066426277160645,0.41489177942276,64730.0,0.0,1.0,87.0
433,1741795506.289602,370.0,760.0,363.0,808.0,389.0,377.0,547.0,461.0,453.0,464.0,558.0,453.0,370.0,363.0,389.0,546.0,453.0,499.0,-1.05908203125,-0.14404296875,0.79833984375,53785.0,23.231708526611328,2.6219513416290283,5.365853786468506,53785.0,-14.605972290039062,-4.1603546142578125,3.5696258544921875,53785.0,0.08108192682266235,-0.21331067383289337,-0.7489987015724182,0.6220327615737915,53785.0,0.0,0.0,92.0
434,1741795506.289602,457.0,422.0,412.0,396.0,438.0,383.0,431.0,410.0,388.0,381.0,430.0,443.0,458.0,413.0,438.0,431.0,388.0,431.0,0.33349609375,0.0556640625,1.099609375,64747.0,2.0731706619262695,-112.3780517578125,7.439024448394775,64747.0,-29440.02734375,26112.01171875,501.96075439453125,64747.0,0.06428584456443787,-0.5751768350601196,0.7060809135437012,0.4080275893211365,64747.0,0.0,1.0,87.0
435,1741795506.3052309,370.0,760.0,363.0,808.0,389.0,378.0,546.0,460.0,452.0,463.0,502.0,452.0,370.0,363.0,389.0,546.0,453.0,561.0,-1.8681640625,-0.7744140625,-0.86181640625,53825.0,-121.09756469726562,156.03659057617188,26.768293380737305,53825.0,-14.605972290039062,-5.06036376953125,2.8196258544921875,53825.0,0.09098100662231445,-0.19431042671203613,-0.7468926310539246,0.6293783187866211,53825.0,0.0,0.0,92.0
436,1741795506.3208537,370.0,760.0,363.0,808.0,389.0,378.0,546.0,460.0,452.0,463.0,502.0,452.0,370.0,363.0,389.0,546.0,453.0,561.0,0.23193359375,-0.1728515625,1.74755859375,53847.0,-226.76829528808594,145.24391174316406,-26.40243911743164,53847.0,-14.905960083007812,-4.7603607177734375,1.769622802734375,53847.0,0.09018555283546448,-0.14332900941371918,-0.7538201212882996,0.6348845958709717,53847.0,0.0,0.0,92.0
437,1741795506.3364787,459.0,423.0,414.0,396.0,438.0,383.0,431.0,411.0,388.0,382.0,431.0,443.0,458.0,413.0,438.0,431.0,388.0,431.0,0.38330078125,0.1396484375,1.27490234375,64763.0,-2.682926893234253,-142.01219177246094,15.182927131652832,64763.0,9.539932250976562,-0.198638916015625,-6.6656341552734375,64763.0,0.07649116963148117,-0.5833733677864075,0.7047719359397888,0.3963847756385803,64763.0,0.0,1.0,87.0
438,1741795506.3521001,459.0,423.0,414.0,396.0,438.0,383.0,431.0,411.0,388.0,382.0,431.0,443.0,458.0,413.0,438.0,431.0,388.0,431.0,0.37451171875,0.18212890625,1.470703125,64780.0,-9.695121765136719,-192.31707763671875,30.365854263305664,64780.0,10.889938354492188,-1.2486419677734375,-7.865631103515625,64771.0,0.09178990870714188,-0.5944840312004089,0.7030141353607178,0.37938693165779114,64780.0,0.0,1.0,87.0
439,1741795506.3521001,459.0,423.0,414.0,396.0,438.0,383.0,431.0,411.0,388.0,382.0,431.0,443.0,458.0,415.0,438.0,431.0,389.0,432.0,0.3994140625,0.17724609375,1.541015625,64796.0,-22.317073822021484,-238.8414764404297,44.024391174316406,64796.0,9.98992919921875,0.551361083984375,-7.71563720703125,64796.0,0.11075464636087418,-0.6102834343910217,0.6994403004646301,0.3550547957420349,64796.0,0.0,1.0,87.0
440,1741795506.3677235,370.0,760.0,363.0,808.0,389.0,378.0,546.0,460.0,452.0,463.0,502.0,452.0,370.0,363.0,389.0,555.0,440.0,669.0,0.44482421875,-0.140625,1.61669921875,53866.0,-216.03659057617188,183.10975646972656,-6.890244007110596,53866.0,-14.905960083007812,-4.7603607177734375,1.769622802734375,53866.0,0.08624573796987534,-0.103604756295681,-0.7576226592063904,0.6386200785636902,53866.0,0.0,0.0,92.0
441,1741795506.3677235,458.0,422.0,415.0,396.0,438.0,383.0,432.0,414.0,390.0,385.0,433.0,444.0,458.0,415.0,438.0,431.0,389.0,432.0,0.64111328125,0.26220703125,2.01025390625,64825.0,-29.14634132385254,-354.20733642578125,82.68292999267578,64825.0,4.4399261474609375,-0.79864501953125,-7.865631103515625,64825.0,0.14816522598266602,-0.6417142748832703,0.6897708177566528,0.30077487230300903,64825.0,0.0,1.0,87.0
442,1741795506.3843503,458.0,422.0,415.0,396.0,438.0,383.0,432.0,414.0,390.0,385.0,433.0,444.0,458.0,415.0,438.0,431.0,389.0,432.0,0.84716796875,0.43212890625,2.5693359375,64842.0,-2.6219513416290283,-385.7317199707031,91.95122528076172,64842.0,3.089935302734375,-0.6486358642578125,-8.46563720703125,64842.0,0.17826153337955475,-0.661612868309021,0.6824671626091003,0.25442036986351013,64842.0,0.0,1.0,87.0
443,1741795506.3993535,370.0,760.0,363.0,808.0,389.0,378.0,546.0,460.0,452.0,463.0,502.0,452.0,370.0,363.0,389.0,555.0,440.0,669.0,-0.205078125,-0.48486328125,2.365234375,53885.0,-104.39024353027344,198.10975646972656,30.0,53885.0,-21248.017578125,-16383.98828125,-24831.9921875,53877.0,0.09713023155927658,-0.06660891324281693,-0.755378782749176,0.6446175575256348,53885.0,0.0,0.0,92.0
444,1741795506.4149802,458.0,422.0,415.0,396.0,438.0,383.0,432.0,414.0,390.0,385.0,433.0,444.0,459.0,416.0,439.0,431.0,395.0,436.0,1.31982421875,0.30224609375,2.1875,64858.0,-12.07317066192627,-379.32928466796875,100.48780822753906,64858.0,-0.0600738525390625,0.2513580322265625,-7.4156341552734375,64851.0,0.20690348744392395,-0.6793927550315857,0.6733371615409851,0.20550598204135895,64858.0,0.0,1.0,87.0
445,1741795506.4306064,458.0,422.0,415.0,396.0,438.0,383.0,432.0,414.0,390.0,385.0,433.0,444.0,459.0,416.0,439.0,431.0,395.0,436.0,0.455078125,0.5869140625,2.701171875,64875.0,-42.19512176513672,-364.268310546875,112.98780822753906,64875.0,-5.6100616455078125,1.6013641357421875,-4.5656280517578125,64875.0,0.2315898835659027,-0.6963634490966797,0.6608226299285889,0.15734535455703735,64875.0,0.0,1.0,87.0
446,1741795506.4306064,459.0,422.0,415.0,396.0,439.0,383.0,432.0,415.0,401.0,393.0,438.0,446.0,459.0,416.0,439.0,431.0,395.0,436.0,-0.8359375,0.50048828125,1.3056640625,64892.0,28.963415145874023,-372.31707763671875,131.21951293945312,64892.0,-7.8600616455078125,-0.79864501953125,-3.365631103515625,64892.0,0.25594183802604675,-0.706335186958313,0.6515429019927979,0.1052427887916565,64892.0,0.0,1.0,87.0
447,1741795506.4462273,370.0,741.0,363.0,807.0,389.0,379.0,538.0,458.0,431.0,441.0,684.0,429.0,370.0,363.0,389.0,555.0,440.0,669.0,-0.212890625,-0.517578125,2.2822265625,53899.0,-42.74390411376953,163.53659057617188,9.146341323852539,53899.0,-12.955963134765625,-4.7603607177734375,2.2196197509765625,53899.0,0.11146402359008789,-0.04420699179172516,-0.7525280117988586,0.6475515961647034,53899.0,0.0,0.0,92.0
448,1741795506.4462273,459.0,422.0,415.0,396.0,439.0,383.0,432.0,415.0,401.0,393.0,438.0,446.0,459.0,416.0,439.0,431.0,395.0,436.0,-1.09814453125,0.42724609375,-0.3662109375,64909.0,3.170731782913208,-332.8658752441406,166.4634246826172,64909.0,-10.560073852539062,-0.04864501953125,-2.9156341552734375,64900.0,0.26691344380378723,-0.7144057154655457,0.6444885730743408,0.05491925776004791,64909.0,0.0,1.0,87.0
449,1741795506.4618504,459.0,422.0,415.0,396.0,439.0,383.0,432.0,415.0,401.0,393.0,438.0,446.0,458.0,415.0,434.0,433.0,405.0,441.0,-0.6484375,0.75537109375,2.16064453125,64926.0,100.67073059082031,29.573171615600586,171.34146118164062,64926.0,-12.360061645507812,0.551361083984375,-0.5156402587890625,64918.0,0.25577312707901,-0.7130566835403442,0.6518324017524719,0.0352814607322216,64926.0,0.0,1.0,87.0
450,1741795506.4618504,370.0,741.0,363.0,807.0,389.0,379.0,538.0,458.0,431.0,441.0,684.0,429.0,367.0,362.0,388.0,563.0,427.0,445.0,-0.2119140625,0.0927734375,1.1865234375,53945.0,-12.865854263305664,45.24390411376953,-0.060975611209869385,53945.0,-13.400588989257812,-10.155960083007812,6.264739990234375,53945.0,0.1324656456708908,-0.02166605368256569,-0.7528324127197266,0.6443809270858765,53945.0,0.0,0.0,92.0
451,1741795506.4934807,459.0,422.0,415.0,396.0,439.0,383.0,432.0,415.0,401.0,393.0,438.0,446.0,458.0,415.0,434.0,433.0,405.0,441.0,-0.90478515625,0.431640625,1.54736328125,64934.0,97.80487823486328,105.36585998535156,134.2073211669922,64934.0,-11519.994140625,-29695.994140625,13088.0068359375,64934.0,0.2451397031545639,-0.7099629640579224,0.6595286726951599,0.029681067913770676,64934.0,0.0,1.0,87.0
452,1741795506.4934807,459.0,422.0,415.0,396.0,439.0,383.0,432.0,415.0,401.0,393.0,438.0,446.0,458.0,415.0,434.0,433.0,405.0,441.0,-0.55517578125,0.318359375,0.61328125,64949.0,9.45121955871582,167.19512939453125,80.06097412109375,64949.0,-14.460067749023438,1.1513519287109375,2.634368896484375,64941.0,0.22198130190372467,-0.7069863677024841,0.6707251071929932,0.03197528421878815,64949.0,0.0,1.0,87.0
453,1741795506.509107,458.0,419.0,415.0,396.0,435.0,382.0,434.0,417.0,405.0,396.0,442.0,451.0,458.0,415.0,434.0,433.0,405.0,441.0,-0.3310546875,0.3828125,0.56640625,64957.0,-19.573171615600586,165.06097412109375,58.17073440551758,64957.0,-14.310073852539062,2.20135498046875,1.4343719482421875,64957.0,0.21650724112987518,-0.7073186635971069,0.6720550060272217,0.03416091948747635,64957.0,0.0,1.0,87.0
454,1741795506.5247312,458.0,419.0,415.0,396.0,435.0,382.0,434.0,417.0,405.0,396.0,442.0,451.0,458.0,415.0,434.0,433.0,405.0,441.0,-0.34130859375,0.4677734375,0.5068359375,64973.0,-24.63414764404297,160.48780822753906,39.93902587890625,64973.0,-3778.578125,601.94921875,405.59765625,64973.0,0.19764818251132965,-0.7090919613838196,0.6753359436988831,0.04522354528307915,64973.0,0.0,1.0,87.0
455,1741795506.5247312,458.0,419.0,415.0,396.0,435.0,382.0,434.0,417.0,405.0,396.0,442.0,451.0,458.0,415.0,434.0,433.0,405.0,441.0,-0.37060546875,0.5234375,0.52783203125,64980.0,-12.012195587158203,161.76829528808594,24.63414764404297,64980.0,-13.26007080078125,2.801361083984375,1.134368896484375,64980.0,0.1893911510705948,-0.7086960077285767,0.6776390671730042,0.05182834714651108,64980.0,0.0,1.0,87.0
456,1741795506.5403543,458.0,419.0,415.0,396.0,435.0,382.0,434.0,417.0,405.0,396.0,442.0,451.0,458.0,415.0,435.0,435.0,405.0,442.0,-0.32080078125,0.4599609375,0.68408203125,64998.0,32.317073822021484,180.1219482421875,-0.3048780560493469,64998.0,-12.360061645507812,4.1513519287109375,2.1843719482421875,64998.0,0.1732606142759323,-0.7036144733428955,0.6857944130897522,0.0677754133939743,64998.0,0.0,1.0,87.0
457,1741795506.5403543,366.0,704.0,359.0,798.0,384.0,377.0,527.0,449.0,425.0,433.0,933.0,424.0,365.0,359.0,384.0,531.0,426.0,936.0,-0.04150390625,0.05126953125,1.02001953125,54036.0,-7.378048896789551,6.402439117431641,-0.060975611209869385,54036.0,-4499.125,-2713.0,1790.8984375,54036.0,0.13316817581653595,-0.011431727558374405,-0.7597581148147583,0.6363199353218079,54036.0,0.0,0.0,92.0
458,1741795506.5559776,366.0,704.0,359.0,798.0,384.0,377.0,527.0,449.0,425.0,433.0,933.0,424.0,365.0,359.0,384.0,531.0,426.0,936.0,-0.048828125,0.04296875,1.021484375,54045.0,-6.402439117431641,6.585366249084473,-0.18292683362960815,54045.0,-16.374710083007812,-11.04766845703125,5.0457000732421875,54045.0,0.1332579255104065,-0.010889606550335884,-0.7605858445167542,0.6353210210800171,54045.0,0.0,0.0,92.0
459,1741795506.58761,366.0,704.0,359.0,798.0,384.0,377.0,527.0,449.0,425.0,433.0,933.0,424.0,366.0,359.0,383.0,527.0,425.0,933.0,-0.056640625,0.044921875,1.00732421875,54078.0,-4.329268455505371,6.463414669036865,-0.24390244483947754,54078.0,-16.52471923828125,-9.997665405273438,4.5956878662109375,54078.0,0.13388672471046448,-0.009288866072893143,-0.7632983326911926,0.6319521069526672,54078.0,0.0,0.0,92.0
460,1741795506.6032388,366.0,730.0,359.0,799.0,383.0,376.0,527.0,448.0,426.0,433.0,934.0,426.0,366.0,359.0,383.0,527.0,425.0,933.0,-0.06201171875,0.04541015625,0.99951171875,54117.0,-4.634146690368652,3.9634146690368652,-0.18292683362960815,54117.0,-16.51007080078125,-10.438873291015625,3.8403167724609375,54117.0,0.13447879254817963,-0.007781557738780975,-0.7669112086296082,0.6274566054344177,54117.0,0.0,0.0,92.0
461,1741795506.634485,458.0,419.0,415.0,396.0,435.0,382.0,434.0,417.0,405.0,396.0,442.0,451.0,458.0,415.0,435.0,435.0,405.0,442.0,-0.32958984375,0.314453125,0.7744140625,65016.0,60.97561264038086,206.09756469726562,-21.768293380737305,65016.0,-12.360061645507812,4.1513519287109375,2.1843719482421875,65007.0,0.1567811220884323,-0.6939376592636108,0.6972442269325256,0.08786731958389282,65016.0,0.0,1.0,87.0
462,1741795506.634485,458.0,418.0,416.0,396.0,435.0,382.0,435.0,417.0,405.0,396.0,443.0,453.0,458.0,415.0,435.0,435.0,405.0,442.0,-0.2197265625,0.2587890625,0.95458984375,65032.0,72.01219940185547,242.98780822753906,-33.780487060546875,65032.0,-11.910064697265625,3.8513641357421875,0.2343597412109375,65032.0,0.1383163332939148,-0.6816914081573486,0.7096574306488037,0.11203436553478241,65032.0,0.0,1.0,87.0
463,1741795506.6501083,366.0,730.0,359.0,799.0,383.0,376.0,527.0,448.0,426.0,433.0,934.0,426.0,366.0,358.0,383.0,527.0,426.0,934.0,-0.064453125,0.03857421875,1.0068359375,54148.0,-3.9634146690368652,1.585365891456604,-0.4878048896789551,54148.0,-14.860061645507812,-10.138870239257812,4.740325927734375,54139.0,0.13436509668827057,-0.006971833296120167,-0.7694883346557617,0.6243274211883545,54148.0,0.0,0.0,92.0
464,1741795506.6501083,458.0,418.0,416.0,396.0,435.0,382.0,435.0,417.0,405.0,396.0,443.0,453.0,458.0,415.0,435.0,435.0,405.0,442.0,-0.14599609375,0.21923828125,1.09228515625,65048.0,89.32926940917969,272.8658752441406,-34.085365295410156,65048.0,-11.310073852539062,3.551361083984375,-1.115631103515625,65048.0,0.12246064841747284,-0.6705645322799683,0.7196353077888489,0.13218039274215698,65048.0,0.0,1.0,87.0
465,1741795506.6657321,458.0,418.0,416.0,396.0,435.0,382.0,436.0,418.0,405.0,397.0,443.0,454.0,458.0,416.0,435.0,436.0,405.0,443.0,0.63818359375,0.09765625,1.3544921875,65116.0,150.0,294.3902587890625,-5.060975551605225,65116.0,-4.410064697265625,3.2513580322265625,-8.315628051757812,65116.0,0.012980682775378227,-0.5783049464225769,0.7774752378463745,0.24683427810668945,65116.0,0.0,1.0,87.0
466,1741795506.6657321,363.0,530.0,358.0,798.0,383.0,374.0,527.0,448.0,426.0,433.0,934.0,427.0,366.0,358.0,383.0,527.0,426.0,934.0,-0.0595703125,0.0419921875,1.0078125,54165.0,-2.317073345184326,0.8536585569381714,-0.4268292784690857,54165.0,-13.660064697265625,-10.5888671875,4.2903289794921875,54165.0,0.13430388271808624,-0.006893969140946865,-0.771120011806488,0.6223249435424805,54165.0,0.0,0.0,92.0
467,1741795506.6657321,458.0,418.0,416.0,396.0,435.0,382.0,436.0,418.0,405.0,397.0,443.0,454.0,458.0,415.0,435.0,437.0,405.0,443.0,0.837890625,0.087890625,1.7158203125,65133.0,173.29269409179688,237.3780517578125,-29.39024543762207,65133.0,1.45135498046875,-9.21563720703125,12289.2783203125,65133.0,-0.008276947773993015,-0.5479212999343872,0.7918090224266052,0.2697261571884155,65133.0,0.0,1.0,87.0
468,1741795506.6848588,363.0,530.0,358.0,798.0,383.0,374.0,527.0,448.0,426.0,433.0,934.0,427.0,366.0,358.0,383.0,527.0,426.0,934.0,-0.05517578125,0.04052734375,1.01416015625,54179.0,-1.2195122241973877,1.5243902206420898,-0.3658536672592163,54179.0,-15.610061645507812,-10.138870239257812,3.240325927734375,54179.0,0.13436761498451233,-0.006904418580234051,-0.7722501754760742,0.6209080219268799,54179.0,0.0,0.0,92.0
469,1741795506.6973624,363.0,530.0,358.0,798.0,383.0,374.0,527.0,448.0,426.0,433.0,934.0,427.0,364.0,357.0,383.0,527.0,426.0,933.0,-0.060546875,0.04248046875,1.00439453125,54218.0,-2.317073345184326,1.4634146690368652,-0.18292683362960815,54218.0,-13.51007080078125,-10.738876342773438,3.39031982421875,54218.0,0.1346278041601181,-0.006805102340877056,-0.7757921814918518,0.6164208650588989,54218.0,0.0,0.0,92.0
470,1741795506.712989,458.0,418.0,416.0,396.0,435.0,382.0,436.0,418.0,405.0,397.0,443.0,454.0,458.0,415.0,435.0,437.0,405.0,443.0,1.02392578125,0.2822265625,2.2041015625,65149.0,159.26829528808594,211.9512176513672,-86.76829528808594,65149.0,-2.01007080078125,-0.6486358642578125,-9.96563720703125,65142.0,-0.019219454377889633,-0.5255253314971924,0.8004509210586548,0.2876302897930145,65149.0,0.0,1.0,87.0
471,1741795506.712989,458.0,420.0,415.0,396.0,435.0,383.0,437.0,419.0,404.0,397.0,442.0,454.0,458.0,415.0,435.0,437.0,405.0,443.0,1.66552734375,0.15283203125,2.13427734375,65166.0,159.4512176513672,225.24391174316406,-152.6219482421875,65166.0,2.48992919921875,-1.9986419677734375,-10.265640258789062,65166.0,-0.028559748083353043,-0.49613291025161743,0.8070419430732727,0.3189353942871094,65166.0,0.0,1.0,87.0
472,1741795506.7286134,458.0,420.0,415.0,396.0,435.0,383.0,437.0,419.0,404.0,397.0,442.0,454.0,458.0,415.0,435.0,437.0,405.0,443.0,1.9033203125,-0.0380859375,1.9599609375,65175.0,149.51219177246094,227.62196350097656,-188.71951293945312,65175.0,2.48992919921875,-1.9986419677734375,-10.265640258789062,65166.0,-0.03179934248328209,-0.48129206895828247,0.8078692555427551,0.3386615216732025,65175.0,0.0,1.0,87.0
473,1741795506.7286134,458.0,420.0,415.0,396.0,435.0,383.0,437.0,419.0,404.0,397.0,442.0,454.0,458.0,415.0,435.0,437.0,405.0,443.0,2.1064453125,-0.32568359375,1.89794921875,65190.0,132.43902587890625,217.8048858642578,-206.89024353027344,65190.0,4.73992919921875,-4.3986358642578125,-12.515640258789062,65190.0,-0.036170877516269684,-0.4544597566127777,0.8050777912139893,0.37948349118232727,65190.0,0.0,1.0,87.0
474,1741795506.7442358,458.0,420.0,415.0,396.0,435.0,383.0,437.0,419.0,404.0,397.0,442.0,454.0,458.0,415.0,436.0,438.0,404.0,441.0,2.1494140625,-0.55810546875,1.7607421875,65199.0,115.36585998535156,213.23171997070312,-208.53659057617188,65199.0,4.73992919921875,-4.3986358642578125,-12.515640258789062,65190.0,-0.03920300304889679,-0.44224944710731506,0.8022913336753845,0.3990071415901184,65199.0,0.0,1.0,87.0
475,1741795506.759859,458.0,420.0,415.0,396.0,435.0,383.0,437.0,419.0,404.0,397.0,442.0,454.0,458.0,415.0,436.0,438.0,404.0,441.0,2.48974609375,-0.7734375,1.2890625,65217.0,81.46341705322266,215.91464233398438,-163.71951293945312,65217.0,6.5399322509765625,-5.7486419677734375,-11.165634155273438,65217.0,-0.048439592123031616,-0.4191882908344269,0.79619300365448,0.43360233306884766,65217.0,0.0,1.0,87.0
476,1741795506.759859,360.0,410.0,356.0,795.0,381.0,372.0,526.0,448.0,425.0,433.0,934.0,427.0,364.0,357.0,383.0,527.0,426.0,933.0,-0.05859375,0.033203125,1.00927734375,54255.0,-4.2682929039001465,3.353658676147461,0.0,54255.0,-12.76007080078125,-10.438873291015625,3.0903167724609375,54245.0,0.13465367257595062,-0.005990522913634777,-0.7787117958068848,0.6127310991287231,54255.0,0.0,0.0,92.0
477,1741795506.784988,360.0,410.0,356.0,795.0,381.0,372.0,526.0,448.0,425.0,433.0,934.0,427.0,362.0,356.0,381.0,526.0,426.0,934.0,-0.06201171875,0.0361328125,1.0185546875,54276.0,-3.5365853309631348,5.9146342277526855,-0.18292683362960815,54276.0,9983.9599609375,-27903.9921875,-18175.99609375,54276.0,0.13513587415218353,-0.0051308805122971535,-0.7803218364715576,0.6105805039405823,54276.0,0.0,0.0,92.0
478,1741795506.7914906,458.0,420.0,415.0,396.0,436.0,383.0,438.0,419.0,404.0,398.0,442.0,456.0,458.0,415.0,436.0,438.0,404.0,441.0,2.77197265625,-0.82568359375,0.58349609375,65233.0,57.13414764404297,156.7073211669922,-114.63414764404297,65233.0,28832.0,-22848.0,-1024.8125,65233.0,-0.05516461655497551,-0.4037804901599884,0.7924405932426453,0.45382383465766907,65233.0,0.0,1.0,87.0
479,1741795506.8080885,458.0,420.0,415.0,396.0,436.0,383.0,438.0,419.0,404.0,398.0,442.0,456.0,458.0,415.0,436.0,438.0,404.0,441.0,4.59423828125,-2.21240234375,1.43994140625,65251.0,-64.57317352294922,46.585365295410156,-103.3536605834961,65251.0,9.539932250976562,-6.6486358642578125,-11.915634155273438,65242.0,-0.06031136214733124,-0.3979717195034027,0.781653881072998,0.4764356315135956,65251.0,0.0,1.0,87.0
480,1741795506.8080885,359.0,552.0,354.0,791.0,379.0,369.0,526.0,447.0,426.0,434.0,934.0,428.0,362.0,356.0,381.0,526.0,426.0,934.0,-0.06884765625,0.0322265625,1.015625,54318.0,-0.8536585569381714,9.02439022064209,-0.3658536672592163,54318.0,-2652.046875,-3017.828125,368.72265625,54318.0,0.13724999129772186,-0.0035872291773557663,-0.7833177447319031,0.6062682271003723,54318.0,0.0,0.0,92.0
481,1741795506.8080885,458.0,420.0,415.0,396.0,436.0,383.0,438.0,419.0,404.0,398.0,442.0,456.0,458.0,414.0,434.0,438.0,405.0,442.0,5.48681640625,-1.69580078125,-1.45654296875,65268.0,-192.3780517578125,-72.56097412109375,-66.21951293945312,65268.0,11.039932250976562,-6.6486358642578125,-10.415634155273438,65260.0,-0.060302093625068665,-0.41563963890075684,0.7698250412940979,0.4805968701839447,65268.0,0.0,1.0,87.0
482,1741795506.8250268,359.0,552.0,354.0,791.0,379.0,369.0,526.0,447.0,426.0,434.0,934.0,428.0,359.0,353.0,377.0,526.0,428.0,934.0,-0.07177734375,0.041015625,1.02490234375,54336.0,-0.8536585569381714,10.731707572937012,-0.6707317233085632,54336.0,-10.209579467773438,-9.988388061523438,0.8403167724609375,54336.0,0.13845093548297882,-0.0028390176594257355,-0.7844496369361877,0.6045329570770264,54336.0,0.0,0.0,92.0
483,1741795506.8250268,458.0,420.0,415.0,396.0,436.0,383.0,438.0,419.0,404.0,398.0,442.0,456.0,458.0,414.0,434.0,438.0,405.0,442.0,-0.86083984375,-0.97998046875,2.45947265625,65284.0,-170.73170471191406,-231.76829528808594,-22.43902587890625,65284.0,3479.02734375,-1318.046875,-2896.800048828125,65284.0,-0.048590973019599915,-0.4519653916358948,0.7563977241516113,0.47034952044487,65284.0,0.0,1.0,87.0
484,1741795506.8390312,359.0,552.0,354.0,791.0,379.0,369.0,526.0,447.0,426.0,434.0,934.0,428.0,359.0,353.0,377.0,526.0,428.0,934.0,-0.07666015625,0.03369140625,1.03466796875,54365.0,-1.097561001777649,12.865854263305664,-1.3414634466171265,54365.0,-8.709579467773438,-10.438385009765625,-0.6596832275390625,54365.0,0.14101369678974152,-0.0012361649423837662,-0.7866005897521973,0.601141095161438,54365.0,0.0,0.0,92.0
485,1741795506.8702834,359.0,654.0,353.0,792.0,377.0,368.0,527.0,446.0,432.0,439.0,935.0,436.0,359.0,353.0,377.0,526.0,428.0,934.0,-0.087890625,0.0,1.0693359375,54386.0,0.24390244483947754,16.585365295410156,-0.5487805008888245,54386.0,-7.3625030517578125,-9.395217895507812,-1.259674072265625,54377.0,0.1438581794500351,0.00027565937489271164,-0.7877870202064514,0.5989102125167847,54386.0,0.0,0.0,92.0
486,1741795506.8702834,455.0,408.0,414.0,388.0,422.0,375.0,439.0,420.0,406.0,399.0,442.0,457.0,458.0,414.0,434.0,438.0,405.0,442.0,0.05126953125,-0.91064453125,2.2490234375,65300.0,-147.256103515625,-197.07318115234375,5.121951103210449,65300.0,14.039932250976562,-3.948638916015625,-12.065628051757812,65300.0,-0.03479515761137009,-0.4826653003692627,0.7487134337425232,0.4530470669269562,65300.0,0.0,1.0,87.0
487,1741795506.8862913,359.0,654.0,353.0,792.0,377.0,368.0,527.0,446.0,432.0,439.0,935.0,436.0,359.0,353.0,377.0,526.0,428.0,934.0,-0.07275390625,0.080078125,1.091796875,54396.0,5.487804889678955,25.426830291748047,0.3048780560493469,54396.0,9012.0,-25900.0,-17018.0,54396.0,0.14582976698875427,0.0010379264131188393,-0.7880427241325378,0.5980954766273499,54396.0,0.0,0.0,92.0
488,1741795506.8862913,455.0,408.0,414.0,388.0,422.0,375.0,439.0,420.0,406.0,399.0,442.0,457.0,458.0,414.0,434.0,438.0,405.0,442.0,0.6376953125,-0.01025390625,2.92333984375,65317.0,-54.756099700927734,-192.19512939453125,-4.2682929039001465,65317.0,12.089935302734375,-2.7486419677734375,-12.065628051757812,65309.0,-0.016437776386737823,-0.5042630434036255,0.7447975277900696,0.4367205500602722,65317.0,0.0,1.0,87.0
489,1741795506.9019191,359.0,654.0,353.0,792.0,377.0,368.0,527.0,446.0,432.0,439.0,935.0,436.0,363.0,354.0,378.0,531.0,439.0,932.0,0.00341796875,0.119140625,1.50439453125,54426.0,2.0731706619262695,109.32926940917969,-4.45121955871582,54426.0,-6.3125152587890625,-6.84521484375,-0.6596832275390625,54417.0,0.16152669489383698,0.010703081265091896,-0.7873324751853943,0.5948935151100159,54426.0,0.0,0.0,92.0
490,1741795506.9175417,368.0,757.0,357.0,804.0,381.0,370.0,537.0,452.0,445.0,454.0,467.0,446.0,363.0,354.0,378.0,531.0,439.0,932.0,-0.02099609375,0.08935546875,1.4501953125,54445.0,-17.865854263305664,143.23170471191406,-13.414634704589844,54445.0,-4.668365478515625,-1.7413177490234375,-3.8091888427734375,54445.0,0.17682670056819916,0.024339623749256134,-0.7849606871604919,0.5932725667953491,54445.0,0.0,0.0,92.0
491,1741795506.9331648,455.0,408.0,414.0,388.0,422.0,375.0,439.0,420.0,406.0,399.0,442.0,457.0,449.0,410.0,415.0,438.0,406.0,439.0,0.3916015625,0.0322265625,1.513671875,65334.0,-31.463415145874023,-47.8658561706543,-1.097561001777649,65334.0,12.389938354492188,-2.448638916015625,-8.315628051757812,65334.0,-0.010975809767842293,-0.5114889144897461,0.7425106167793274,0.4323609173297882,65334.0,0.0,1.0,87.0
492,1741795506.9331648,455.0,408.0,414.0,388.0,422.0,375.0,439.0,420.0,406.0,399.0,442.0,457.0,449.0,410.0,415.0,438.0,406.0,439.0,0.16845703125,0.05810546875,1.0546875,65362.0,-11.768293380737305,-9.02439022064209,1.158536672592163,65362.0,14.639938354492188,-5.7486419677734375,-4.2656402587890625,65362.0,-0.010163598693907261,-0.5145261883735657,0.7409422993659973,0.4314664900302887,65362.0,0.0,1.0,87.0
493,1741795506.948788,368.0,757.0,357.0,804.0,381.0,370.0,537.0,452.0,445.0,454.0,467.0,446.0,363.0,354.0,378.0,531.0,439.0,932.0,-0.033203125,0.13525390625,1.37646484375,54463.0,-23.04878044128418,163.47561645507812,-24.63414764404297,54463.0,-3.168365478515625,-2.4913177490234375,-7.5591888427734375,54463.0,0.19407662749290466,0.041979268193244934,-0.7821239233016968,0.5906345248222351,54463.0,0.0,0.0,92.0
494,1741795506.948788,447.0,399.0,408.0,378.0,414.0,366.0,438.0,418.0,404.0,397.0,437.0,453.0,449.0,410.0,415.0,438.0,406.0,439.0,0.1259765625,0.0380859375,1.05126953125,65379.0,-7.621951580047607,-4.5731706619262695,0.9756097793579102,65379.0,12.98992919921875,-4.9986419677734375,-4.2656402587890625,65379.0,-0.010589655488729477,-0.5157472491264343,0.7399531006813049,0.43169596791267395,65379.0,0.0,1.0,87.0
495,1741795506.9644115,368.0,757.0,357.0,804.0,381.0,370.0,537.0,452.0,445.0,454.0,467.0,446.0,370.0,359.0,384.0,541.0,447.0,468.0,-0.13525390625,0.1279296875,1.5,54476.0,-34.5121955871582,169.0853729248047,-25.54878044128418,54476.0,-0.4712982177734375,-0.9893646240234375,-8.317489624023438,54476.0,0.20680861175060272,0.05746191740036011,-0.7795773148536682,0.588365375995636,54476.0,0.0,0.0,92.0
496,1741795506.9644115,447.0,399.0,408.0,378.0,414.0,366.0,438.0,418.0,404.0,397.0,437.0,453.0,446.0,407.0,413.0,437.0,402.0,436.0,0.107421875,0.05126953125,1.0166015625,65422.0,-4.390244007110596,-3.2317073345184326,0.9146341681480408,65422.0,14.039932250976562,-4.8486480712890625,-5.615631103515625,65413.0,-0.012061577290296555,-0.5172638297080994,0.7380385398864746,0.43311798572540283,65422.0,0.0,1.0,87.0
497,1741795506.9800348,445.0,397.0,407.0,377.0,413.0,365.0,437.0,417.0,400.0,395.0,435.0,452.0,446.0,407.0,413.0,437.0,402.0,436.0,0.10302734375,0.04833984375,1.02490234375,65438.0,-2.317073345184326,-4.146341323852539,0.3048780560493469,65438.0,14.039932250976562,-4.8486480712890625,-5.615631103515625,65431.0,-0.012287750840187073,-0.5175619125366211,0.7375685572624207,0.4335559904575348,65438.0,0.0,1.0,87.0
498,1741795506.9855404,368.0,757.0,357.0,804.0,381.0,370.0,537.0,452.0,445.0,454.0,467.0,446.0,370.0,359.0,384.0,541.0,447.0,468.0,2.30859375,0.580078125,1.328125,54495.0,-25.060976028442383,141.8292694091797,-36.64634323120117,54495.0,1.328704833984375,-2.189361572265625,-9.36749267578125,54495.0,0.22182387113571167,0.07872646301984787,-0.7765402793884277,0.5844417810440063,54495.0,0.0,0.0,92.0
499,1741795506.996045,368.0,760.0,360.0,806.0,385.0,375.0,544.0,460.0,447.0,457.0,466.0,447.0,370.0,359.0,384.0,541.0,447.0,468.0,1.6015625,0.42041015625,1.068359375,54516.0,-7.195122241973877,-1.158536672592163,60.121952056884766,54516.0,2.5311431884765625,-2.938873291015625,-9.676284790039062,54516.0,0.23100529611110687,0.08253195881843567,-0.7711555361747742,0.5874790549278259,54516.0,0.0,0.0,92.0
500,1741795507.0116713,445.0,397.0,407.0,377.0,413.0,365.0,437.0,417.0,400.0,395.0,435.0,452.0,446.0,407.0,413.0,437.0,402.0,436.0,0.1103515625,0.0458984375,1.015625,65454.0,-1.0365853309631348,-4.45121955871582,0.9146341681480408,65454.0,13.589935302734375,-5.1486358642578125,-4.865631103515625,65454.0,-0.012376058846712112,-0.5178592801094055,0.7371243834495544,0.4339537024497986,65454.0,0.0,1.0,87.0
501,1741795507.0116713,445.0,397.0,407.0,377.0,413.0,365.0,437.0,417.0,400.0,395.0,435.0,452.0,445.0,406.0,414.0,437.0,399.0,435.0,0.1162109375,0.048828125,1.017578125,65471.0,-0.5487805008888245,-3.9634146690368652,0.7317073345184326,65471.0,13.439926147460938,-4.2486419677734375,-5.46563720703125,65471.0,-0.012426415458321571,-0.5179588794708252,0.7368067502975464,0.43437260389328003,65471.0,0.0,1.0,87.0
502,1741795507.0272954,368.0,760.0,360.0,806.0,385.0,375.0,544.0,460.0,447.0,457.0,466.0,447.0,369.0,361.0,386.0,543.0,448.0,467.0,1.24267578125,0.40966796875,0.8955078125,54545.0,3.658536672592163,-41.95122146606445,7.012195110321045,54545.0,2.23114013671875,-2.3388824462890625,-10.276275634765625,54537.0,0.2282779961824417,0.07879503816366196,-0.7669552564620972,0.5945218801498413,54545.0,0.0,0.0,92.0
503,1741795507.0272954,445.0,397.0,407.0,377.0,413.0,365.0,437.0,417.0,400.0,395.0,435.0,452.0,445.0,406.0,414.0,437.0,399.0,435.0,0.11279296875,0.05126953125,1.00244140625,65486.0,0.792682945728302,-3.47560977935791,0.8536585569381714,65486.0,14.339935302734375,-3.948638916015625,-4.865631103515625,65486.0,-0.01250171847641468,-0.5179109573364258,0.7365859746932983,0.43480178713798523,65486.0,0.0,1.0,87.0
504,1741795507.0429187,445.0,397.0,407.0,377.0,413.0,365.0,437.0,417.0,400.0,395.0,435.0,452.0,445.0,406.0,414.0,437.0,399.0,435.0,0.10888671875,0.05615234375,1.0,65502.0,1.7073171138763428,-4.0853657722473145,1.4024391174316406,65502.0,14.039932250976562,-5.1486358642578125,-4.865631103515625,65494.0,-0.012443327344954014,-0.5178268551826477,0.7364498972892761,0.43513405323028564,65502.0,0.0,1.0,87.0
505,1741795507.0429187,368.0,760.0,360.0,806.0,385.0,375.0,544.0,460.0,447.0,457.0,466.0,447.0,369.0,361.0,386.0,543.0,448.0,467.0,0.84765625,0.2841796875,0.84912109375,54566.0,-1.6463415622711182,-77.13414764404297,-38.17073440551758,54566.0,3.2811431884765625,-0.0888824462890625,-10.426284790039062,54566.0,0.21788686513900757,0.07224529981613159,-0.7720499634742737,0.5926553606987,54566.0,0.0,0.0,92.0
506,1741795507.0585413,445.0,399.0,406.0,378.0,415.0,365.0,437.0,416.0,398.0,394.0,434.0,452.0,445.0,406.0,414.0,437.0,399.0,435.0,0.11572265625,0.05419921875,1.0087890625,65518.0,0.4268292784690857,-4.207317352294922,1.7682926654815674,65518.0,14.189926147460938,-4.2486419677734375,-4.2656402587890625,65518.0,-0.012491709552705288,-0.5178267359733582,0.7362544536590576,0.43546345829963684,65518.0,0.0,1.0,87.0
507,1741795507.0585413,368.0,760.0,360.0,806.0,385.0,375.0,544.0,460.0,447.0,457.0,466.0,447.0,369.0,361.0,386.0,543.0,448.0,467.0,0.69384765625,0.26806640625,0.87939453125,54577.0,2.5609755516052246,-84.45122528076172,-48.17073440551758,54577.0,3.2811431884765625,-0.0888824462890625,-10.426284790039062,54566.0,0.21276022493839264,0.06917787343263626,-0.7754541039466858,0.5904349088668823,54577.0,0.0,0.0,92.0
508,1741795507.0856683,369.0,752.0,361.0,807.0,387.0,376.0,544.0,458.0,448.0,458.0,467.0,448.0,369.0,361.0,386.0,543.0,448.0,467.0,0.5234375,0.19970703125,0.93359375,54596.0,10.243902206420898,-89.69512176513672,-55.0,54596.0,2.081146240234375,-2.188873291015625,-10.426284790039062,54596.0,0.19971300661563873,0.05990955978631973,-0.785207986831665,0.5830658674240112,54596.0,0.0,0.0,92.0
509,1741795507.090173,445.0,399.0,406.0,378.0,415.0,365.0,437.0,416.0,398.0,394.0,434.0,452.0,445.0,406.0,416.0,436.0,397.0,433.0,0.11328125,0.0498046875,1.00634765625,15.0,0.3048780560493469,-3.5975611209869385,1.6463415622711182,15.0,3248.625,-1087.6484375,-1015.20263671875,15.0,-0.012722589075565338,-0.5178672671318054,0.7357969284057617,0.4361812472343445,15.0,0.0,1.0,87.0
510,1741795507.1057994,369.0,752.0,361.0,807.0,387.0,376.0,544.0,458.0,448.0,458.0,467.0,448.0,369.0,361.0,387.0,546.0,449.0,467.0,0.3466796875,0.1845703125,0.9814453125,54623.0,16.524391174316406,-90.36585235595703,-51.28049087524414,54623.0,-0.168853759765625,-2.188873291015625,-9.676284790039062,54623.0,0.18410037457942963,0.04750562086701393,-0.7964964509010315,0.5739691257476807,54623.0,0.0,0.0,92.0
511,1741795507.1057994,445.0,399.0,406.0,378.0,415.0,365.0,437.0,416.0,398.0,394.0,434.0,452.0,445.0,406.0,416.0,436.0,397.0,433.0,0.126953125,0.0556640625,1.00830078125,32.0,0.6097561120986938,-2.6219513416290283,1.158536672592163,32.0,14.639938354492188,-4.9986419677734375,-5.7656402587890625,23.0,-0.012832371518015862,-0.5178143978118896,0.7355956435203552,0.43658024072647095,32.0,0.0,1.0,87.0
512,1741795507.1214228,445.0,400.0,406.0,379.0,417.0,366.0,436.0,415.0,396.0,392.0,432.0,452.0,445.0,406.0,416.0,436.0,397.0,433.0,0.1171875,0.0537109375,1.00146484375,48.0,0.792682945728302,-2.5,1.4024391174316406,48.0,14.339935302734375,-4.8486480712890625,-5.3156280517578125,48.0,-0.01323373056948185,-0.5177133679389954,0.7351880073547363,0.4373739957809448,48.0,0.0,1.0,87.0
513,1741795507.1214228,369.0,752.0,361.0,807.0,387.0,376.0,544.0,458.0,448.0,458.0,467.0,448.0,369.0,361.0,387.0,546.0,449.0,467.0,0.32177734375,0.15771484375,1.013671875,54644.0,18.658536911010742,-83.78048706054688,-41.585365295410156,54644.0,-2.26885986328125,-1.1388702392578125,-7.7262725830078125,54644.0,0.17254707217216492,0.036852285265922546,-0.8041564226150513,0.5676270127296448,54644.0,0.0,0.0,92.0
514,1741795507.1370463,369.0,761.0,361.0,807.0,388.0,377.0,563.0,493.0,449.0,459.0,468.0,449.0,369.0,361.0,387.0,546.0,449.0,467.0,0.34326171875,0.18701171875,1.08935546875,54663.0,24.45121955871582,-82.56097412109375,-19.268293380737305,54663.0,-2.26885986328125,-1.5888824462890625,-9.226272583007812,54663.0,0.16419576108455658,0.02765403315424919,-0.8084778785705566,0.5644799470901489,54663.0,0.0,0.0,92.0
515,1741795507.1526697,445.0,400.0,406.0,379.0,417.0,366.0,436.0,415.0,396.0,392.0,432.0,452.0,445.0,406.0,416.0,436.0,397.0,433.0,0.115234375,0.052734375,1.00390625,65.0,0.9146341681480408,-2.5609755516052246,1.097561001777649,65.0,13.589935302734375,-5.5986480712890625,-4.865631103515625,65.0,-0.013345981948077679,-0.5175921320915222,0.7350292801856995,0.4377807080745697,65.0,0.0,1.0,87.0
516,1741795507.1526697,369.0,761.0,361.0,807.0,388.0,377.0,563.0,493.0,449.0,459.0,468.0,449.0,369.0,361.0,387.0,546.0,449.0,467.0,0.32470703125,0.19873046875,1.09814453125,54676.0,27.2560977935791,-83.04878234863281,-9.695121765136719,54676.0,-14592.0087890625,-22784.03125,-21472.0,54676.0,0.15821024775505066,0.019889116287231445,-0.8106182813644409,0.5634457468986511,54676.0,0.0,0.0,92.0
517,1741795507.1682932,445.0,400.0,406.0,379.0,417.0,366.0,436.0,415.0,396.0,392.0,432.0,452.0,444.0,405.0,417.0,436.0,395.0,431.0,0.1171875,0.05517578125,1.01025390625,82.0,0.6097561120986938,-2.682926893234253,1.3414634466171265,82.0,14.639938354492188,-4.54864501953125,-3.96563720703125,82.0,-0.01358986645936966,-0.517491340637207,0.7347604036331177,0.438343346118927,82.0,0.0,1.0,87.0
518,1741795507.1682932,445.0,400.0,406.0,379.0,417.0,366.0,436.0,415.0,396.0,392.0,432.0,452.0,444.0,405.0,417.0,436.0,395.0,431.0,0.123046875,0.05126953125,1.01025390625,100.0,0.5487805008888245,-2.4390244483947754,1.4634146690368652,100.0,13.73992919921875,-5.448638916015625,-4.71563720703125,100.0,-0.013712734915316105,-0.5173789262771606,0.7346164584159851,0.43871331214904785,100.0,0.0,1.0,87.0
519,1741795507.185919,369.0,761.0,361.0,807.0,388.0,377.0,563.0,493.0,449.0,459.0,468.0,449.0,370.0,362.0,388.0,560.0,450.0,468.0,0.2998046875,0.22021484375,1.162109375,54696.0,34.817073822021484,-79.0243911743164,3.47560977935791,54696.0,-4.672271728515625,-0.53643798828125,-9.38458251953125,54684.0,0.1512165665626526,0.008759400807321072,-0.8120154142379761,0.5636371970176697,54696.0,0.0,0.0,92.0
520,1741795507.231175,369.0,761.0,361.0,807.0,388.0,377.0,563.0,493.0,449.0,459.0,468.0,449.0,370.0,362.0,388.0,560.0,450.0,468.0,0.31884765625,0.1640625,1.25537109375,54717.0,44.756099700927734,-83.59756469726562,19.024391174316406,54717.0,-7.284576416015625,1.0039215087890625,257.00390625,54717.0,0.14331930875778198,-0.007133333943784237,-0.8125366568565369,0.5649706721305847,54717.0,0.0,0.0,92.0
521,1741795507.231175,444.0,401.0,405.0,379.0,417.0,366.0,435.0,413.0,394.0,391.0,431.0,451.0,444.0,404.0,417.0,434.0,393.0,430.0,0.1201171875,0.06591796875,1.00537109375,141.0,-1.2804877758026123,-2.865853786468506,1.4634146690368652,141.0,16.289932250976562,-5.1486358642578125,-3.365631103515625,141.0,-0.014556201174855232,-0.5174487829208374,0.7336955666542053,0.44014251232147217,141.0,0.0,1.0,87.0
522,1741795507.2467988,370.0,753.0,362.0,808.0,388.0,377.0,548.0,466.0,450.0,461.0,469.0,449.0,370.0,362.0,388.0,560.0,450.0,468.0,0.31884765625,0.1640625,1.25537109375,54725.0,44.756099700927734,-83.59756469726562,19.024391174316406,54725.0,-3.77227783203125,-2.3364410400390625,-8.784576416015625,54725.0,0.13986040651798248,-0.013926858082413673,-0.812380850315094,0.5659340023994446,54725.0,0.0,0.0,92.0
523,1741795507.2467988,444.0,401.0,405.0,379.0,417.0,366.0,435.0,413.0,394.0,391.0,431.0,451.0,444.0,404.0,417.0,434.0,393.0,430.0,0.12451171875,0.0615234375,1.01611328125,157.0,-2.682926893234253,-2.5,1.585365891456604,157.0,14.939926147460938,-4.2486419677734375,-3.5156402587890625,157.0,-0.015132252126932144,-0.517713725566864,0.7330889701843262,0.4408217966556549,157.0,0.0,1.0,87.0
524,1741795507.262421,443.0,402.0,404.0,379.0,418.0,367.0,434.0,412.0,392.0,389.0,430.0,449.0,444.0,404.0,417.0,434.0,393.0,430.0,0.11572265625,0.05419921875,1.00732421875,174.0,-2.9268293380737305,-2.8048782348632812,1.4024391174316406,174.0,13.73992919921875,-5.7486419677734375,-4.71563720703125,166.0,-0.015338211320340633,-0.5179382562637329,0.7328012585639954,0.44102925062179565,174.0,0.0,1.0,87.0
525,1741795507.262421,443.0,402.0,404.0,379.0,418.0,367.0,434.0,412.0,392.0,389.0,430.0,449.0,444.0,404.0,417.0,434.0,393.0,430.0,0.12109375,0.0517578125,1.00634765625,182.0,-2.865853786468506,-2.9268293380737305,1.6463415622711182,182.0,14.939926147460938,-6.198638916015625,-3.96563720703125,182.0,-0.015512985177338123,-0.5181087255477905,0.7325595021247864,0.4412245452404022,182.0,0.0,1.0,87.0
526,1741795507.278046,443.0,402.0,404.0,379.0,418.0,367.0,434.0,412.0,392.0,389.0,430.0,449.0,444.0,404.0,417.0,434.0,393.0,430.0,0.126953125,0.0546875,1.01513671875,197.0,-3.5365853309631348,-3.9024391174316406,1.5243902206420898,197.0,14.339935302734375,-4.8486480712890625,-4.5656280517578125,197.0,-0.01587075926363468,-0.5185664892196655,0.7320075035095215,0.4415900707244873,197.0,0.0,1.0,87.0
527,1741795507.2940547,443.0,402.0,404.0,379.0,418.0,367.0,434.0,412.0,392.0,389.0,430.0,449.0,444.0,404.0,420.0,433.0,391.0,429.0,0.12158203125,0.0546875,1.0048828125,214.0,-6.158536911010742,-4.939024448394775,1.9512195587158203,214.0,15.98992919921875,-5.5986480712890625,-4.5656280517578125,206.0,-0.016313690692186356,-0.5192746520042419,0.7312918901443481,0.4419271647930145,214.0,0.0,1.0,87.0
528,1741795507.3096817,370.0,762.0,362.0,807.0,388.0,377.0,555.0,479.0,451.0,461.0,470.0,449.0,370.0,362.0,388.0,547.0,450.0,470.0,0.10986328125,0.18310546875,1.3330078125,54796.0,50.24390411376953,-94.32926940917969,0.4268292784690857,54796.0,-1971.0,-21760.0,-32141.0,54796.0,0.11297310888767242,-0.07061164826154709,-0.8112288117408752,0.5693479776382446,54796.0,0.0,0.0,92.0
529,1741795507.3253047,370.0,762.0,362.0,807.0,388.0,377.0,555.0,479.0,451.0,461.0,470.0,449.0,370.0,362.0,388.0,547.0,450.0,470.0,0.02490234375,0.1572265625,1.30224609375,54818.0,56.463417053222656,-97.68292999267578,-10.243902206420898,54818.0,-10.53009033203125,-3.0820465087890625,-3.6904449462890625,54818.0,0.10380896925926208,-0.08944962918758392,-0.8126316070556641,0.5664371848106384,54818.0,0.0,0.0,92.0
530,1741795507.3409293,443.0,402.0,404.0,379.0,418.0,367.0,434.0,412.0,392.0,389.0,430.0,449.0,444.0,404.0,420.0,433.0,391.0,429.0,0.12255859375,0.04736328125,1.0087890625,232.0,-7.865853786468506,-5.9146342277526855,2.2560975551605225,232.0,15.539932250976562,-6.3486480712890625,-5.3156280517578125,232.0,-0.01669657789170742,-0.5202715396881104,0.7305436730384827,0.44197794795036316,232.0,0.0,1.0,87.0
531,1741795507.3409293,370.0,762.0,362.0,807.0,388.0,377.0,555.0,479.0,451.0,461.0,470.0,449.0,370.0,362.0,389.0,556.0,451.0,472.0,-0.0107421875,0.1259765625,1.2880859375,54826.0,60.60975646972656,-97.80487823486328,-13.231707572937012,54826.0,-10.53009033203125,-3.0820465087890625,-3.6904449462890625,54818.0,0.10207599401473999,-0.09336355328559875,-0.8130021691322327,0.5655882358551025,54826.0,0.0,0.0,92.0
532,1741795507.3409293,444.0,405.0,404.0,381.0,422.0,369.0,432.0,411.0,390.0,387.0,429.0,447.0,444.0,404.0,420.0,433.0,391.0,429.0,0.125,0.0537109375,1.01025390625,248.0,-7.560976028442383,-5.97560977935791,2.2560975551605225,248.0,14.189926147460938,-5.7486419677734375,-3.96563720703125,248.0,-0.016987241804599762,-0.5210656523704529,0.7299696803092957,0.4419797360897064,248.0,0.0,1.0,87.0
533,1741795507.3565514,370.0,760.0,362.0,808.0,389.0,377.0,547.0,464.0,451.0,462.0,474.0,450.0,370.0,362.0,389.0,556.0,451.0,472.0,-0.23095703125,-0.09716796875,1.224609375,54877.0,73.41463470458984,-108.10975646972656,-10.304878234863281,54877.0,-10.985946655273438,-3.53106689453125,-2.1919097900390625,54877.0,0.08182186633348465,-0.14639180898666382,-0.8160171508789062,0.553164005279541,54877.0,0.0,0.0,92.0
534,1741795507.3721747,444.0,405.0,404.0,381.0,422.0,369.0,432.0,411.0,390.0,387.0,429.0,447.0,444.0,404.0,420.0,433.0,391.0,429.0,0.13134765625,0.04052734375,1.0146484375,264.0,-6.585366249084473,-6.707317352294922,2.012195110321045,264.0,15.089935302734375,-6.3486480712890625,-4.5656280517578125,264.0,-0.017265647649765015,-0.5221155881881714,0.7292266488075256,0.44195646047592163,264.0,0.0,1.0,87.0
535,1741795507.3721747,444.0,405.0,404.0,381.0,422.0,369.0,432.0,411.0,390.0,387.0,429.0,447.0,445.0,404.0,425.0,431.0,390.0,429.0,0.13818359375,0.04150390625,1.005859375,286.0,-5.365853786468506,-8.719511985778809,1.4634146690368652,286.0,15.389938354492188,-5.448638916015625,-3.21563720703125,286.0,-0.017451448366045952,-0.5233645439147949,0.7282998561859131,0.44200021028518677,286.0,0.0,1.0,87.0
536,1741795507.3881855,370.0,760.0,362.0,808.0,389.0,377.0,547.0,464.0,451.0,462.0,474.0,450.0,371.0,362.0,389.0,548.0,451.0,479.0,-0.466796875,-0.23681640625,1.13330078125,54898.0,53.414634704589844,-108.9024429321289,0.12195122241973877,54898.0,-11.435943603515625,-3.681060791015625,-0.541900634765625,54885.0,0.07363902032375336,-0.1637221872806549,-0.8160109519958496,0.5494527816772461,54898.0,0.0,0.0,92.0
537,1741795507.3881855,444.0,405.0,404.0,381.0,422.0,369.0,432.0,411.0,390.0,387.0,429.0,447.0,445.0,404.0,425.0,431.0,390.0,429.0,0.1318359375,0.044921875,1.01171875,302.0,-5.304878234863281,-10.731707572937012,0.5487805008888245,302.0,15.689926147460938,-3.79864501953125,-3.5156402587890625,302.0,-0.017411191016435623,-0.5244184136390686,0.7273963093757629,0.44224047660827637,302.0,0.0,1.0,87.0
538,1741795507.4038126,446.0,410.0,405.0,386.0,428.0,373.0,430.0,411.0,389.0,385.0,429.0,445.0,445.0,404.0,425.0,431.0,390.0,429.0,0.13134765625,0.04638671875,1.02587890625,318.0,-4.0853657722473145,-15.060976028442383,1.6463415622711182,318.0,15.689926147460938,-3.79864501953125,-3.5156402587890625,311.0,-0.017200417816638947,-0.5253246426582336,0.7266812920570374,0.4423486292362213,318.0,0.0,1.0,87.0
539,1741795507.4038126,370.0,760.0,362.0,808.0,389.0,377.0,547.0,464.0,451.0,462.0,474.0,450.0,371.0,362.0,389.0,548.0,451.0,479.0,-0.85498046875,-0.2255859375,0.96923828125,54925.0,32.13414764404297,-79.0243911743164,26.158536911010742,54925.0,-11.891799926757812,-4.1295928955078125,-0.0899505615234375,54925.0,0.05792861804366112,-0.18787933886051178,-0.8139044046401978,0.5467221736907959,54925.0,0.0,0.0,92.0
540,1741795507.4194355,446.0,410.0,405.0,386.0,428.0,373.0,430.0,411.0,389.0,385.0,429.0,445.0,445.0,404.0,425.0,431.0,390.0,429.0,0.13818359375,0.04150390625,1.0224609375,334.0,-2.195122003555298,-22.2560977935791,2.2560975551605225,334.0,15.539932250976562,-4.3986358642578125,-4.115631103515625,326.0,-0.01614341512322426,-0.5267010927200317,0.7260888814926147,0.4417240619659424,334.0,0.0,1.0,87.0
541,1741795507.4194355,446.0,410.0,405.0,386.0,428.0,373.0,430.0,411.0,389.0,385.0,429.0,445.0,449.0,406.0,432.0,430.0,388.0,429.0,0.14501953125,0.0283203125,1.03076171875,350.0,-3.0487804412841797,-28.53658676147461,3.2926831245422363,350.0,-3.5156402587890625,12289.00390625,257.00390625,350.0,-0.014169755391776562,-0.5284879207611084,0.7257550358772278,0.4402035176753998,350.0,0.0,1.0,87.0
542,1741795507.4194355,371.0,759.0,362.0,808.0,389.0,377.0,568.0,502.0,451.0,462.0,490.0,451.0,371.0,362.0,389.0,548.0,451.0,479.0,-1.0361328125,-0.2216796875,0.912109375,54946.0,29.7560977935791,-54.69512176513672,43.90243911743164,54946.0,-14.591812133789062,-6.2295989990234375,0.960052490234375,54938.0,0.049552977085113525,-0.20012858510017395,-0.8095959424972534,0.5495883226394653,54946.0,0.0,0.0,92.0
543,1741795507.450682,371.0,759.0,362.0,808.0,389.0,377.0,568.0,502.0,451.0,462.0,490.0,451.0,371.0,363.0,389.0,565.0,452.0,940.0,-1.14208984375,-0.23779296875,0.8447265625,54967.0,27.926830291748047,-36.64634323120117,56.64634323120117,54967.0,-12.641799926757812,-4.7295989990234375,0.210052490234375,54967.0,0.04514109715819359,-0.20785388350486755,-0.8043484687805176,0.5547813773155212,54967.0,0.0,0.0,92.0
544,1741795507.4663053,371.0,759.0,362.0,808.0,389.0,377.0,568.0,502.0,451.0,462.0,490.0,451.0,371.0,363.0,389.0,565.0,452.0,940.0,-1.177734375,-0.31884765625,0.7626953125,54988.0,11.890244483947754,-4.695122241973877,59.024391174316406,54988.0,-13.991806030273438,-5.32958984375,-0.6899566650390625,54979.0,0.04215008765459061,-0.21342328190803528,-0.7972193360328674,0.5631291270256042,54988.0,0.0,0.0,92.0
545,1741795507.4864326,371.0,760.0,363.0,808.0,389.0,377.0,566.0,498.0,452.0,463.0,940.0,454.0,371.0,363.0,389.0,565.0,452.0,940.0,-1.0107421875,-0.2314453125,0.8056640625,55006.0,-8.47560977935791,10.792683601379395,53.353660583496094,55006.0,-16.236434936523438,-5.32958984375,0.8095550537109375,55006.0,0.0411904975771904,-0.21305795013904572,-0.7922882437705994,0.5702517628669739,55006.0,0.0,0.0,92.0
546,1741795507.4979358,446.0,410.0,405.0,386.0,428.0,373.0,430.0,411.0,389.0,385.0,429.0,445.0,449.0,406.0,432.0,430.0,388.0,429.0,0.146484375,0.03662109375,1.02685546875,367.0,-3.7195122241973877,-36.03658676147461,4.2682929039001465,367.0,15.389938354492188,-4.9986419677734375,-3.96563720703125,367.0,-0.011445573531091213,-0.5310053825378418,0.7253411412239075,0.4379294514656067,367.0,0.0,1.0,87.0
547,1741795507.4979358,371.0,760.0,363.0,808.0,389.0,377.0,566.0,498.0,452.0,463.0,940.0,454.0,371.0,363.0,389.0,565.0,452.0,940.0,-0.9013671875,-0.12890625,0.81884765625,55018.0,-15.121952056884766,8.719511985778809,45.97561264038086,55018.0,-15.336441040039062,-4.1295928955078125,1.4095611572265625,55018.0,0.04008405655622482,-0.2113368809223175,-0.7892237901687622,0.5751975774765015,55018.0,0.0,0.0,92.0
548,1741795507.5135622,452.0,417.0,408.0,391.0,435.0,379.0,430.0,410.0,388.0,382.0,429.0,444.0,449.0,406.0,432.0,430.0,388.0,429.0,0.1640625,0.04052734375,1.0888671875,384.0,-4.390244007110596,-49.39024353027344,4.5731706619262695,384.0,15.389938354492188,-5.7486419677734375,-4.2656402587890625,376.0,-0.008600838482379913,-0.5335343480110168,0.7250031232833862,0.4354735016822815,384.0,0.0,1.0,87.0
549,1741795507.5135622,452.0,417.0,408.0,391.0,435.0,379.0,430.0,410.0,388.0,382.0,429.0,444.0,449.0,406.0,432.0,430.0,388.0,429.0,0.18408203125,0.04443359375,1.06494140625,399.0,-3.5365853309631348,-61.28049087524414,3.7195122241973877,399.0,13.73992919921875,-5.7486419677734375,-4.2656402587890625,392.0,-0.00302116759121418,-0.537775993347168,0.7246772050857544,0.4308481514453888,399.0,0.0,1.0,87.0
550,1741795507.5291858,371.0,760.0,363.0,808.0,389.0,377.0,566.0,498.0,452.0,463.0,940.0,454.0,371.0,363.0,389.0,568.0,445.0,940.0,-1.7265625,-0.8359375,-1.35986328125,55037.0,-8.414634704589844,145.85366821289062,-40.853660583496094,55037.0,-3734.125,-1210.77734375,53.6484375,55037.0,0.050833046436309814,-0.20073144137859344,-0.7899600863456726,0.5771322250366211,55037.0,0.0,0.0,92.0
551,1741795507.5291858,452.0,417.0,408.0,391.0,435.0,379.0,430.0,410.0,388.0,382.0,429.0,444.0,455.0,410.0,436.0,430.0,388.0,429.0,0.20849609375,0.134765625,1.310546875,445.0,-8.47560977935791,-141.28048706054688,9.817073822021484,445.0,8.189926147460938,-3.198638916015625,-7.5656280517578125,445.0,0.021646827459335327,-0.5552423000335693,0.7232279777526855,0.4100923240184784,445.0,0.0,1.0,87.0
552,1741795507.5291858,457.0,421.0,412.0,395.0,437.0,382.0,431.0,411.0,388.0,382.0,431.0,445.0,455.0,410.0,436.0,430.0,388.0,429.0,0.2568359375,0.11962890625,1.455078125,463.0,-22.5,-191.09756469726562,23.90243911743164,463.0,5.48992919921875,-1.9986419677734375,-8.315628051757812,454.0,0.04313081502914429,-0.5712000131607056,0.7219998240470886,0.3880547881126404,463.0,0.0,1.0,87.0
553,1741795507.5604327,371.0,691.0,363.0,807.0,389.0,379.0,563.0,502.0,435.0,444.0,940.0,435.0,371.0,363.0,389.0,568.0,445.0,940.0,-0.2822265625,0.19775390625,2.4716796875,55078.0,-161.09756469726562,234.81707763671875,5.54878044128418,55078.0,-16.816421508789062,-3.683502197265625,4.699310302734375,55078.0,0.06878496706485748,-0.11342110484838486,-0.810269296169281,0.5708465576171875,55078.0,0.0,0.0,92.0
554,1741795507.5920658,457.0,421.0,412.0,395.0,437.0,382.0,431.0,411.0,388.0,382.0,431.0,445.0,455.0,410.0,436.0,430.0,388.0,429.0,0.24609375,0.25048828125,1.87548828125,480.0,-36.82926940917969,-270.4878234863281,45.30487823486328,480.0,3.6899261474609375,-3.198638916015625,-9.515640258789062,472.0,0.05980930104851723,-0.584965169429779,0.7201375961303711,0.36829015612602234,480.0,0.0,1.0,87.0
555,1741795507.5920658,457.0,421.0,412.0,395.0,437.0,382.0,431.0,411.0,388.0,382.0,431.0,445.0,458.0,414.0,438.0,431.0,389.0,433.0,0.45361328125,0.3232421875,2.185546875,496.0,-79.63414764404297,-351.4024353027344,69.63414764404297,496.0,-0.2100677490234375,-0.79864501953125,-11.015640258789062,496.0,0.08709930628538132,-0.6091886162757874,0.7147260904312134,0.33236968517303467,496.0,0.0,1.0,87.0
556,1741795507.607692,371.0,691.0,363.0,807.0,389.0,379.0,563.0,502.0,435.0,444.0,940.0,435.0,371.0,363.0,389.0,568.0,445.0,940.0,-0.18505859375,-0.29443359375,2.05126953125,55107.0,-79.81707763671875,153.29269409179688,7.5,55107.0,-14.566421508789062,-6.683502197265625,2.1493072509765625,55099.0,0.09243728965520859,-0.06054864078760147,-0.8057174682617188,0.5818946361541748,55107.0,0.0,0.0,92.0
557,1741795507.607692,457.0,421.0,412.0,395.0,437.0,382.0,431.0,411.0,388.0,382.0,431.0,445.0,458.0,414.0,438.0,431.0,389.0,433.0,0.52197265625,0.359375,2.66357421875,514.0,-83.4756088256836,-395.3049011230469,97.86585235595703,514.0,-2.160064697265625,-0.79864501953125,-9.815628051757812,514.0,0.11736777424812317,-0.6373838186264038,0.705437183380127,0.28692206740379333,514.0,0.0,1.0,87.0
558,1741795507.6233163,371.0,691.0,363.0,807.0,389.0,379.0,563.0,502.0,435.0,444.0,940.0,435.0,367.0,363.0,388.0,552.0,429.0,935.0,-0.15673828125,0.02392578125,1.662109375,55119.0,-35.24390411376953,107.256103515625,-0.4878048896789551,55119.0,-12.76495361328125,-8.483016967773438,3.0493011474609375,55119.0,0.10001347213983536,-0.049855589866638184,-0.805345892906189,0.5821703672409058,55119.0,0.0,0.0,92.0
559,1741795507.6233163,458.0,422.0,415.0,396.0,438.0,382.0,432.0,414.0,392.0,388.0,435.0,445.0,458.0,414.0,438.0,431.0,389.0,433.0,0.84228515625,0.23486328125,2.3388671875,539.0,-122.256103515625,-385.3049011230469,110.91463470458984,539.0,-6.0600738525390625,-1.54864501953125,-9.065628051757812,539.0,0.16043727099895477,-0.68011474609375,0.6831158995628357,0.21226434409618378,539.0,0.0,1.0,87.0
560,1741795507.6389391,458.0,422.0,415.0,396.0,438.0,382.0,432.0,414.0,392.0,388.0,435.0,445.0,458.0,415.0,438.0,432.0,399.0,438.0,0.2626953125,0.576171875,2.55712890625,555.0,-180.0,-374.81707763671875,107.19512176513672,555.0,-8.910064697265625,-0.6486358642578125,-6.6656341552734375,547.0,0.18505196273326874,-0.7107272148132324,0.6585368514060974,0.16416987776756287,555.0,0.0,1.0,87.0
561,1741795507.6545622,458.0,422.0,415.0,396.0,438.0,382.0,432.0,414.0,392.0,388.0,435.0,445.0,458.0,415.0,438.0,432.0,399.0,438.0,-1.08935546875,0.755859375,0.5810546875,572.0,-149.93902587890625,-356.0975646972656,89.32926940917969,572.0,-30151.0,16474.0,5529.125,572.0,0.20708714425563812,-0.7363436222076416,0.6329185962677002,0.11969436705112457,572.0,0.0,1.0,87.0
562,1741795507.6701863,367.0,418.0,363.0,805.0,388.0,378.0,534.0,459.0,427.0,435.0,445.0,423.0,367.0,363.0,388.0,552.0,429.0,935.0,0.025390625,-0.03271484375,1.048828125,55146.0,-19.573171615600586,74.81707763671875,0.3658536672592163,55146.0,-14.114944458007812,-7.433013916015625,1.699310302734375,55138.0,0.11171537637710571,-0.03613125532865524,-0.8044893741607666,0.5822401642799377,55146.0,0.0,0.0,92.0
563,1741795507.6868126,367.0,418.0,363.0,805.0,388.0,378.0,534.0,459.0,427.0,435.0,445.0,423.0,366.0,361.0,386.0,529.0,426.0,447.0,-0.05322265625,0.05419921875,1.06591796875,55186.0,-7.560976028442383,15.853658676147461,1.8902440071105957,55186.0,-16.797378540039062,-9.376174926757812,8.432708740234375,55177.0,0.12113077938556671,-0.026500187814235687,-0.8050535321235657,0.5800930261611938,55186.0,0.0,0.0,92.0
564,1741795507.6868126,457.0,417.0,414.0,395.0,434.0,381.0,434.0,416.0,404.0,395.0,440.0,450.0,458.0,415.0,438.0,432.0,399.0,438.0,-0.63232421875,0.77978515625,2.837890625,589.0,-149.69512939453125,-188.59756469726562,152.86585998535156,589.0,-14.610061645507812,0.551361083984375,0.6843719482421875,589.0,0.2081352323293686,-0.7516785860061646,0.6185981035232544,0.09484396874904633,589.0,0.0,1.0,87.0
565,1741795507.7018156,367.0,418.0,363.0,805.0,388.0,378.0,534.0,459.0,427.0,435.0,445.0,423.0,366.0,361.0,386.0,529.0,426.0,447.0,-0.02880859375,0.056640625,1.0224609375,55197.0,-7.378048896789551,13.353658676147461,1.585365891456604,55197.0,-15.74737548828125,-8.476181030273438,8.58270263671875,55197.0,0.12163462489843369,-0.025553012266755104,-0.8053209185600281,0.5796590447425842,55197.0,0.0,0.0,92.0
566,1741795507.7018156,457.0,417.0,414.0,395.0,434.0,381.0,434.0,416.0,404.0,395.0,440.0,450.0,458.0,415.0,438.0,432.0,399.0,438.0,-0.98583984375,0.6962890625,1.21533203125,605.0,62.98780822753906,46.64634323120117,122.56098175048828,605.0,-17.76007080078125,4.1513519287109375,2.4843597412109375,605.0,0.1961630880832672,-0.7526506781578064,0.6236667037010193,0.07795409858226776,605.0,0.0,1.0,87.0
567,1741795507.7174428,457.0,417.0,414.0,395.0,434.0,381.0,434.0,416.0,404.0,395.0,440.0,450.0,458.0,415.0,438.0,432.0,399.0,438.0,-0.4296875,0.34521484375,0.5986328125,621.0,32.378047943115234,98.3536605834961,73.3536605834961,621.0,-17.910064697265625,4.7513580322265625,1.884368896484375,612.0,0.1809157431125641,-0.7485519647598267,0.6335656642913818,0.07439056038856506,621.0,0.0,1.0,87.0
568,1741795507.7174428,365.0,414.0,360.0,800.0,385.0,378.0,528.0,450.0,426.0,433.0,936.0,425.0,366.0,361.0,386.0,529.0,426.0,447.0,-0.02392578125,0.05322265625,1.02734375,55239.0,-11.036585807800293,11.768293380737305,0.6097561120986938,55239.0,-17.697372436523438,-8.77618408203125,7.83270263671875,55239.0,0.12319236993789673,-0.020639508962631226,-0.8067638874053955,0.5775163173675537,55239.0,0.0,0.0,92.0
569,1741795507.733066,457.0,417.0,414.0,395.0,434.0,381.0,434.0,416.0,404.0,395.0,440.0,450.0,458.0,415.0,434.0,434.0,403.0,441.0,-0.39599609375,0.53515625,0.3974609375,648.0,-34.817073822021484,114.45122528076172,-3.4146342277526855,648.0,-16.710067749023438,5.95135498046875,2.3343658447265625,640.0,0.1666325032711029,-0.7482321262359619,0.6362568736076355,0.08694494515657425,648.0,0.0,1.0,87.0
570,1741795507.733066,458.0,418.0,415.0,395.0,434.0,382.0,435.0,417.0,404.0,395.0,442.0,452.0,458.0,415.0,434.0,434.0,403.0,441.0,-0.3212890625,0.61376953125,0.50830078125,665.0,-2.865853786468506,143.10975646972656,-48.84146499633789,665.0,-16.560073852539062,5.3513641357421875,0.2343597412109375,665.0,0.16074737906455994,-0.7463876008987427,0.6374029517173767,0.1038408949971199,665.0,0.0,1.0,87.0
571,1741795507.74869,365.0,414.0,360.0,800.0,385.0,378.0,528.0,450.0,426.0,433.0,936.0,425.0,366.0,359.0,384.0,541.0,425.0,936.0,-0.04052734375,0.04931640625,1.0185546875,55266.0,-8.536585807800293,11.585366249084473,0.4878048896789551,55266.0,-16.347366333007812,-8.626174926757812,5.7327117919921875,55257.0,0.12421680986881256,-0.01747431606054306,-0.8076635599136353,0.5761427283287048,55266.0,0.0,0.0,92.0
572,1741795507.7643137,365.0,414.0,360.0,800.0,385.0,378.0,528.0,450.0,426.0,433.0,936.0,425.0,366.0,359.0,384.0,541.0,425.0,936.0,-0.04150390625,0.04443359375,1.0087890625,55277.0,-8.04878044128418,10.54878044128418,0.060975611209869385,55277.0,-16.047378540039062,-9.826171875,4.9827117919921875,55277.0,0.1245671883225441,-0.016579490154981613,-0.8080300688743591,0.5755795836448669,55277.0,0.0,0.0,92.0
573,1741795507.78694,364.0,410.0,359.0,798.0,384.0,376.0,527.0,449.0,425.0,433.0,934.0,426.0,366.0,359.0,384.0,541.0,425.0,936.0,-0.03759765625,0.0458984375,1.0126953125,55297.0,-5.97560977935791,8.353658676147461,0.3048780560493469,55297.0,-13.943466186523438,-8.77374267578125,4.08074951171875,55297.0,0.12534373998641968,-0.014844074845314026,-0.8089439272880554,0.5741734504699707,55297.0,0.0,0.0,92.0
574,1741795507.7959442,458.0,418.0,415.0,395.0,434.0,382.0,435.0,417.0,404.0,395.0,442.0,452.0,458.0,415.0,434.0,434.0,403.0,441.0,-0.33984375,0.51025390625,0.5830078125,683.0,39.20731735229492,168.35366821289062,-62.5,683.0,-16.410064697265625,4.7513580322265625,1.134368896484375,683.0,0.15538956224918365,-0.7389299869537354,0.6436954140663147,0.12446631491184235,683.0,0.0,1.0,87.0
575,1741795507.7959442,364.0,410.0,359.0,798.0,384.0,376.0,527.0,449.0,425.0,433.0,934.0,426.0,364.0,358.0,383.0,529.0,426.0,935.0,-0.0439453125,0.046875,1.01513671875,55317.0,-4.390244007110596,6.158536911010742,-0.12195122241973877,55317.0,-13.49346923828125,-9.52374267578125,2.58074951171875,55317.0,0.1258060783147812,-0.013885755091905594,-0.8097118735313416,0.5730130672454834,55317.0,0.0,0.0,92.0
576,1741795507.8115714,458.0,418.0,415.0,395.0,434.0,382.0,435.0,417.0,404.0,395.0,442.0,452.0,458.0,415.0,434.0,436.0,404.0,442.0,-0.29150390625,0.36865234375,0.71728515625,699.0,55.4878044128418,200.1829376220703,-64.57317352294922,699.0,-16.110061645507812,3.8513641357421875,-2.0156402587890625,691.0,0.15020135045051575,-0.7307524681091309,0.6506093144416809,0.14194291830062866,699.0,0.0,1.0,87.0
577,1741795507.8115714,458.0,418.0,415.0,395.0,434.0,382.0,435.0,417.0,404.0,395.0,442.0,452.0,458.0,415.0,434.0,436.0,404.0,442.0,-0.2666015625,0.34130859375,0.77978515625,715.0,60.0,217.98780822753906,-62.98780822753906,715.0,-15.060073852539062,4.6013641357421875,-2.46563720703125,707.0,0.13995574414730072,-0.7176604270935059,0.6611118912696838,0.16824384033679962,715.0,0.0,1.0,87.0
578,1741795507.827195,364.0,410.0,359.0,798.0,384.0,376.0,527.0,449.0,425.0,433.0,934.0,426.0,364.0,358.0,383.0,529.0,426.0,935.0,-0.04541015625,0.0458984375,1.00830078125,55347.0,-2.865853786468506,3.5365853309631348,-0.4268292784690857,55347.0,-12.74346923828125,-9.973739624023438,3.0307464599609375,55338.0,0.12629327178001404,-0.012736913748085499,-0.8111267685890198,0.5709282159805298,55347.0,0.0,0.0,92.0
579,1741795507.827195,458.0,418.0,415.0,395.0,434.0,382.0,436.0,418.0,404.0,396.0,442.0,453.0,458.0,415.0,434.0,436.0,404.0,442.0,-0.126953125,0.26953125,0.94140625,740.0,76.21951293945312,270.30487060546875,-47.43902587890625,740.0,-13.110061645507812,4.6013641357421875,-2.7656402587890625,740.0,0.11526902765035629,-0.6929154396057129,0.6791238784790039,0.21300636231899261,740.0,0.0,1.0,87.0
580,1741795507.8428175,458.0,418.0,415.0,395.0,434.0,382.0,436.0,418.0,404.0,396.0,442.0,453.0,458.0,415.0,434.0,437.0,404.0,442.0,0.1171875,0.19384765625,0.89453125,759.0,99.756103515625,278.5365905761719,-28.292682647705078,759.0,-24831.98828125,9983.9755859375,26160.0078125,759.0,0.09463122487068176,-0.6721544861793518,0.6933488249778748,0.24190953373908997,759.0,0.0,1.0,87.0
581,1741795507.8428175,458.0,418.0,415.0,395.0,434.0,382.0,436.0,418.0,404.0,396.0,442.0,453.0,458.0,415.0,434.0,437.0,404.0,442.0,0.3720703125,0.13525390625,0.85498046875,767.0,119.63414764404297,259.0243835449219,-12.682927131652832,767.0,-24831.98828125,9983.9755859375,26160.0078125,759.0,0.08442538976669312,-0.6606276035308838,0.7011876702308655,0.25451794266700745,767.0,0.0,1.0,87.0
582,1741795507.858441,363.0,414.0,358.0,798.0,383.0,374.0,528.0,451.0,426.0,434.0,935.0,427.0,364.0,358.0,383.0,529.0,426.0,935.0,-0.04931640625,0.03857421875,1.01123046875,55366.0,-0.9146341681480408,2.6219513416290283,-0.18292683362960815,55366.0,-13.49346923828125,-9.223739624023438,3.33074951171875,55366.0,0.12652480602264404,-0.012415934354066849,-0.8120211362838745,0.5696114301681519,55366.0,0.0,0.0,92.0
583,1741795507.8740644,458.0,418.0,415.0,395.0,434.0,382.0,436.0,418.0,404.0,396.0,442.0,453.0,458.0,415.0,434.0,437.0,404.0,442.0,0.693359375,0.07568359375,1.11474609375,783.0,143.47561645507812,211.8292694091797,-10.060976028442383,783.0,-7.8600616455078125,2.3513641357421875,-10.265640258789062,783.0,0.06762735545635223,-0.6362600326538086,0.7176019549369812,0.2750401794910431,783.0,0.0,1.0,87.0
584,1741795507.8740644,458.0,418.0,415.0,395.0,434.0,382.0,437.0,418.0,404.0,397.0,442.0,454.0,458.0,415.0,434.0,437.0,404.0,442.0,0.5927734375,0.0810546875,1.66552734375,800.0,147.3780517578125,199.6341552734375,-20.365854263305664,800.0,-5.6100616455078125,0.8513641357421875,-11.315628051757812,800.0,0.057945072650909424,-0.6170203685760498,0.7299001216888428,0.2883972227573395,800.0,0.0,1.0,87.0
585,1741795507.8900714,363.0,414.0,358.0,798.0,383.0,374.0,528.0,451.0,426.0,434.0,935.0,427.0,363.0,357.0,382.0,528.0,426.0,935.0,-0.0439453125,0.0380859375,1.01025390625,55399.0,0.4878048896789551,2.5,-0.12195122241973877,55399.0,-11386.0,-17645.0,257.00390625,55399.0,0.12731409072875977,-0.012313519604504108,-0.8135320544242859,0.5672774910926819,55399.0,0.0,0.0,92.0
586,1741795507.8900714,458.0,418.0,415.0,395.0,434.0,382.0,437.0,418.0,404.0,397.0,442.0,454.0,458.0,415.0,434.0,437.0,404.0,442.0,0.8251953125,0.13720703125,1.86181640625,815.0,130.1219482421875,213.0487823486328,-41.524391174316406,815.0,-2.910064697265625,-0.04864501953125,-12.065628051757812,815.0,0.04503282159566879,-0.591384768486023,0.7438477277755737,0.3081012964248657,815.0,0.0,1.0,87.0
587,1741795507.905698,363.0,414.0,358.0,798.0,383.0,374.0,528.0,451.0,426.0,434.0,935.0,427.0,363.0,357.0,382.0,528.0,426.0,935.0,-0.04541015625,0.04296875,1.01025390625,55408.0,0.24390244483947754,2.5609755516052246,-0.3048780560493469,55408.0,-12.893463134765625,-10.123733520507812,1.680755615234375,55408.0,0.12752065062522888,-0.012318290770053864,-0.8139863014221191,0.5665790438652039,55408.0,0.0,0.0,92.0
588,1741795507.9213214,365.0,726.0,356.0,796.0,381.0,372.0,526.0,447.0,426.0,434.0,935.0,428.0,363.0,357.0,382.0,528.0,426.0,935.0,-0.05126953125,0.04248046875,1.00634765625,55436.0,-0.6707317233085632,1.7073171138763428,0.0,55436.0,-11.99346923828125,-10.723739624023438,1.83074951171875,55436.0,0.1280028074979782,-0.01235798466950655,-0.8153786063194275,0.56446373462677,55436.0,0.0,0.0,92.0
589,1741795507.9369452,458.0,418.0,415.0,395.0,434.0,382.0,437.0,418.0,404.0,397.0,442.0,454.0,458.0,415.0,435.0,438.0,404.0,441.0,1.00048828125,0.1640625,1.83154296875,832.0,131.09756469726562,211.34146118164062,-46.70731735229492,832.0,-2.01007080078125,-1.8486480712890625,-13.415634155273438,823.0,0.032371677458286285,-0.5654724836349487,0.7552439570426941,0.3298477530479431,832.0,0.0,1.0,87.0
590,1741795507.9369452,458.0,418.0,415.0,395.0,434.0,382.0,437.0,418.0,404.0,397.0,442.0,454.0,458.0,415.0,435.0,438.0,404.0,441.0,1.30322265625,0.17919921875,1.8857421875,850.0,146.89024353027344,201.5853729248047,-43.59756088256836,850.0,1.8899383544921875,-2.5986480712890625,-13.865631103515625,850.0,0.020953338593244553,-0.5376712083816528,0.7665391564369202,0.35055437684059143,850.0,0.0,1.0,87.0
591,1741795507.9369452,365.0,726.0,356.0,796.0,381.0,372.0,526.0,447.0,426.0,434.0,935.0,428.0,364.0,355.0,380.0,526.0,426.0,935.0,-0.0498046875,0.037109375,1.0146484375,55466.0,-0.6707317233085632,2.012195110321045,0.060975611209869385,55466.0,-11.843460083007812,-9.373733520507812,0.930755615234375,55457.0,0.12842698395252228,-0.012257754802703857,-0.8167110681533813,0.5624398589134216,55466.0,0.0,0.0,92.0
592,1741795507.9525683,458.0,419.0,414.0,396.0,435.0,382.0,438.0,419.0,403.0,396.0,441.0,455.0,458.0,415.0,435.0,438.0,404.0,441.0,1.4638671875,0.20654296875,1.8828125,866.0,147.256103515625,209.6341552734375,-63.23170852661133,866.0,3.98992919921875,-3.948638916015625,-13.565628051757812,866.0,0.010172707028687,-0.5084273815155029,0.7760802507400513,0.37295782566070557,866.0,0.0,1.0,87.0
593,1741795507.9681914,365.0,726.0,356.0,796.0,381.0,372.0,526.0,447.0,426.0,434.0,935.0,428.0,364.0,355.0,380.0,526.0,426.0,935.0,-0.05224609375,0.0390625,1.0146484375,55487.0,0.18292683362960815,2.9268293380737305,0.4878048896789551,55487.0,-11.393463134765625,-11.32373046875,-0.1192474365234375,55487.0,0.12895192205905914,-0.012266307137906551,-0.8178532123565674,0.5606572031974792,55487.0,0.0,0.0,92.0
594,1741795507.9681914,458.0,419.0,414.0,396.0,435.0,382.0,438.0,419.0,403.0,396.0,441.0,455.0,458.0,415.0,435.0,438.0,404.0,441.0,1.84521484375,0.1220703125,1.28662109375,884.0,125.18292999267578,174.0853729248047,-114.08536529541016,884.0,-3933.6015625,832.0045166015625,10537.1611328125,876.0,0.004214630462229252,-0.4872218370437622,0.7803342938423157,0.3920145630836487,884.0,0.0,1.0,87.0
595,1741795507.9838152,458.0,419.0,414.0,396.0,435.0,382.0,438.0,419.0,403.0,396.0,441.0,455.0,458.0,415.0,435.0,438.0,404.0,441.0,1.84716796875,0.11376953125,1.1357421875,899.0,116.82926940917969,145.85366821289062,-129.0853729248047,899.0,7.1399383544921875,-5.5986480712890625,-14.315628051757812,892.0,0.003182198852300644,-0.4632732570171356,0.781959593296051,0.417018324136734,899.0,0.0,1.0,87.0
596,1741795507.9873185,363.0,685.0,354.0,793.0,378.0,370.0,526.0,446.0,426.0,434.0,934.0,428.0,364.0,355.0,380.0,526.0,426.0,935.0,-0.04541015625,0.0419921875,1.015625,55505.0,-0.12195122241973877,3.7195122241973877,0.3048780560493469,55505.0,-11.693466186523438,-9.223739624023438,-0.7192535400390625,55505.0,0.12955312430858612,-0.01214979961514473,-0.8186014294624329,0.5594279170036316,55505.0,0.0,0.0,92.0
597,1741795507.9998236,458.0,419.0,414.0,396.0,435.0,382.0,438.0,419.0,403.0,396.0,441.0,455.0,458.0,414.0,435.0,438.0,403.0,440.0,1.75537109375,-0.0537109375,1.07958984375,915.0,119.8780517578125,82.56097412109375,-147.256103515625,915.0,-659.0001220703125,-26124.0,8806.1875,915.0,0.009548533707857132,-0.4424397051334381,0.7812126874923706,0.4402981400489807,915.0,0.0,1.0,87.0
598,1741795507.9998236,363.0,685.0,354.0,793.0,378.0,370.0,526.0,446.0,426.0,434.0,934.0,428.0,361.0,353.0,377.0,526.0,426.0,936.0,-0.05419921875,0.04345703125,1.0146484375,55526.0,-0.4878048896789551,6.097560882568359,0.12195122241973877,55526.0,-9.144927978515625,-9.82470703125,0.180755615234375,55526.0,0.1302560567855835,-0.011952374130487442,-0.8195568919181824,0.5578679442405701,55526.0,0.0,0.0,92.0
599,1741795508.015451,363.0,685.0,354.0,793.0,378.0,370.0,526.0,446.0,426.0,434.0,934.0,428.0,361.0,353.0,377.0,526.0,426.0,936.0,-0.04931640625,0.0439453125,1.013671875,55537.0,-0.9756097793579102,6.585366249084473,0.0,55537.0,-10.344924926757812,-11.02471923828125,-0.8692474365234375,55537.0,0.13086296617984772,-0.011658057570457458,-0.8202224969863892,0.5567528009414673,55537.0,0.0,0.0,92.0
600,1741795508.0466976,360.0,552.0,352.0,791.0,376.0,368.0,526.0,445.0,428.0,436.0,934.0,432.0,361.0,353.0,377.0,526.0,426.0,936.0,-0.05419921875,0.03955078125,1.01806640625,55558.0,-1.8902440071105957,7.621951580047607,-0.12195122241973877,55558.0,-2.069244384765625,1.431365966796875,28270.431640625,55558.0,0.1319911926984787,-0.010885418392717838,-0.8213143348693848,0.5548895001411438,55558.0,0.0,0.0,92.0
601,1741795508.0466976,458.0,420.0,414.0,396.0,435.0,382.0,439.0,419.0,403.0,397.0,440.0,455.0,458.0,414.0,435.0,438.0,403.0,440.0,1.43408203125,-0.6650390625,1.06005859375,947.0,112.68292999267578,47.07317352294922,-130.6707305908203,947.0,10.289932250976562,-7.698638916015625,-14.165634155273438,947.0,0.029208676889538765,-0.40941789746284485,0.7788591980934143,0.4742385447025299,947.0,0.0,1.0,87.0
602,1741795508.0623221,360.0,552.0,352.0,791.0,376.0,368.0,526.0,445.0,428.0,436.0,934.0,432.0,361.0,353.0,377.0,526.0,426.0,936.0,-0.0537109375,0.04736328125,1.01708984375,55567.0,-2.1341464519500732,8.47560977935791,0.3048780560493469,55567.0,-10.344924926757812,-11.02471923828125,-2.069244384765625,55567.0,0.13247765600681305,-0.010477906093001366,-0.8217198848724365,0.5541805028915405,55567.0,0.0,0.0,92.0
603,1741795508.0874476,360.0,552.0,352.0,791.0,376.0,368.0,526.0,445.0,428.0,436.0,934.0,432.0,361.0,353.0,377.0,526.0,426.0,936.0,-0.06396484375,0.037109375,1.017578125,55585.0,-2.6219513416290283,9.329268455505371,0.060975611209869385,55585.0,-8.99493408203125,-10.424713134765625,-1.7692413330078125,55578.0,0.13350898027420044,-0.00955873355269432,-0.8224740624427795,0.5528292655944824,55585.0,0.0,0.0,92.0
604,1741795508.0939515,458.0,420.0,414.0,396.0,435.0,382.0,439.0,419.0,403.0,397.0,440.0,455.0,458.0,414.0,435.0,439.0,404.0,440.0,1.32080078125,-1.11474609375,0.80859375,981.0,50.914634704589844,78.29268646240234,-76.21951293945312,981.0,14.039932250976562,-9.948638916015625,-14.315628051757812,981.0,0.038673169910907745,-0.37861204147338867,0.7769290804862976,0.5015289783477783,981.0,0.0,1.0,87.0
605,1741795508.1095786,458.0,420.0,414.0,396.0,435.0,382.0,439.0,419.0,403.0,397.0,440.0,455.0,458.0,414.0,435.0,439.0,404.0,440.0,1.42626953125,-0.873046875,0.52685546875,999.0,1.4024391174316406,64.20732116699219,-52.317073822021484,999.0,14.339935302734375,-9.498641967773438,-14.015640258789062,999.0,0.03523046895861626,-0.3719877302646637,0.7743510603904724,0.5106505751609802,999.0,0.0,1.0,87.0
606,1741795508.125202,357.0,408.0,351.0,790.0,375.0,367.0,527.0,444.0,433.0,440.0,934.0,439.0,358.0,352.0,376.0,526.0,429.0,934.0,-0.07080078125,0.03759765625,1.01220703125,55624.0,-2.865853786468506,9.268293380737305,-0.3048780560493469,55624.0,-6.2978668212890625,-9.981063842773438,-2.5202178955078125,55616.0,0.1358860582113266,-0.007465740665793419,-0.8242802023887634,0.5495827794075012,55624.0,0.0,0.0,92.0
607,1741795508.125202,458.0,420.0,415.0,396.0,436.0,382.0,439.0,419.0,404.0,397.0,441.0,456.0,458.0,414.0,435.0,439.0,404.0,440.0,-0.8310546875,0.255859375,1.58544921875,1037.0,-209.69512939453125,-158.29269409179688,11.707317352294922,1037.0,15.98992919921875,-7.9986419677734375,-15.515640258789062,1037.0,0.02040819451212883,-0.44026443362236023,0.7471398711204529,0.4975084066390991,1037.0,0.0,1.0,87.0
608,1741795508.140825,357.0,408.0,351.0,790.0,375.0,367.0,527.0,444.0,433.0,440.0,934.0,439.0,358.0,352.0,376.0,526.0,429.0,934.0,-0.07568359375,0.03466796875,1.025390625,55636.0,-2.865853786468506,9.756097793579102,-0.3048780560493469,55636.0,-5.99786376953125,-8.481063842773438,-3.2702178955078125,55636.0,0.13641466200351715,-0.006963611580431461,-0.8245968818664551,0.548983097076416,55636.0,0.0,0.0,92.0
609,1741795508.1564512,357.0,408.0,351.0,790.0,375.0,367.0,527.0,444.0,433.0,440.0,934.0,439.0,358.0,352.0,376.0,526.0,429.0,934.0,-0.072265625,0.02978515625,1.0263671875,55656.0,-2.4390244483947754,10.670731544494629,-0.792682945728302,55656.0,-5.24786376953125,-10.431060791015625,-2.5202178955078125,55644.0,0.13754582405090332,-0.005986196920275688,-0.8255061507225037,0.5473434329032898,55656.0,0.0,0.0,92.0
610,1741795508.2032213,357.0,408.0,351.0,790.0,375.0,367.0,527.0,444.0,433.0,440.0,934.0,439.0,358.0,351.0,375.0,528.0,436.0,935.0,-0.07470703125,0.03857421875,1.07763671875,55676.0,2.378048896789551,15.853658676147461,-0.9756097793579102,55676.0,-4.647857666015625,-8.181060791015625,-3.42022705078125,55676.0,0.13998939096927643,-0.004828752018511295,-0.8262366056442261,0.5456305146217346,55676.0,0.0,0.0,92.0
611,1741795508.2188845,363.0,726.0,353.0,796.0,377.0,368.0,531.0,446.0,440.0,449.0,929.0,447.0,358.0,351.0,375.0,528.0,436.0,935.0,0.06005859375,0.134765625,1.48876953125,55718.0,13.719512939453125,82.74390411376953,-9.756097793579102,55718.0,-4.3478546142578125,-4.7310638427734375,-3.8702239990234375,55718.0,0.15495720505714417,0.002710144966840744,-0.8257503509521484,0.5423257350921631,55718.0,0.0,0.0,92.0
612,1741795508.2344663,363.0,726.0,353.0,796.0,377.0,368.0,531.0,446.0,440.0,449.0,929.0,447.0,367.0,356.0,380.0,536.0,446.0,470.0,0.0634765625,0.22216796875,1.4189453125,55740.0,5.792683124542236,120.18292999267578,-22.926830291748047,55740.0,-3.75079345703125,-1.5830230712890625,-5.2231597900390625,55740.0,0.17339541018009186,0.013809368014335632,-0.8240640163421631,0.5391305685043335,55740.0,0.0,0.0,92.0
613,1741795508.2657094,369.0,741.0,357.0,805.0,383.0,372.0,541.0,455.0,447.0,457.0,470.0,448.0,367.0,356.0,380.0,536.0,446.0,470.0,-0.09814453125,1.0625,1.3046875,55776.0,32.317073822021484,136.15853881835938,-80.06097412109375,55776.0,-0.3037261962890625,-0.678619384765625,-9.282424926757812,55776.0,0.21078398823738098,0.03718419745564461,-0.8238052129745483,0.5249118208885193,55776.0,0.0,0.0,92.0
614,1741795508.2878447,369.0,741.0,357.0,805.0,383.0,372.0,541.0,455.0,447.0,457.0,470.0,448.0,369.0,359.0,385.0,560.0,446.0,467.0,1.57177734375,-0.1884765625,0.98046875,55796.0,33.29268264770508,12.439024925231934,-94.32926940917969,55796.0,-1.50372314453125,-2.3286285400390625,-9.282424926757812,55796.0,0.22775712609291077,0.037248145788908005,-0.83050137758255,0.5069581866264343,55796.0,0.0,0.0,92.0
615,1741795508.2973545,369.0,741.0,357.0,805.0,383.0,372.0,541.0,455.0,447.0,457.0,470.0,448.0,369.0,359.0,385.0,560.0,446.0,467.0,1.26611328125,0.39306640625,0.546875,55817.0,-30.48780632019043,-73.17073059082031,-86.58536529541016,55817.0,2.098236083984375,-2.929595947265625,-11.69024658203125,55817.0,0.21862301230430603,0.03935008868575096,-0.8402584195137024,0.4945920407772064,55817.0,0.0,0.0,92.0
616,1741795508.3598533,368.0,758.0,360.0,806.0,386.0,376.0,544.0,461.0,447.0,457.0,468.0,448.0,369.0,359.0,385.0,560.0,446.0,467.0,0.701171875,0.416015625,0.8720703125,55837.0,18.719512939453125,-71.95121765136719,-124.39024353027344,55837.0,0.598236083984375,-2.929595947265625,-10.19024658203125,55837.0,0.20684880018234253,0.03644287586212158,-0.8539199233055115,0.4761287569999695,55837.0,0.0,0.0,92.0
617,1741795508.391495,458.0,420.0,415.0,396.0,436.0,382.0,439.0,419.0,404.0,397.0,441.0,456.0,455.0,413.0,426.0,439.0,405.0,441.0,0.77099609375,-0.35986328125,2.5712890625,1055.0,-132.256103515625,-258.5975646972656,7.621951580047607,1055.0,15.98992919921875,-7.54864501953125,-15.96563720703125,1046.0,0.035106319934129715,-0.4838060438632965,0.7327055931091309,0.47732114791870117,1055.0,0.0,1.0,87.0
618,1741795508.4383724,458.0,420.0,415.0,396.0,436.0,382.0,439.0,419.0,404.0,397.0,441.0,456.0,455.0,413.0,426.0,439.0,405.0,441.0,0.72607421875,-0.26953125,2.82861328125,1064.0,-84.51219940185547,-198.0487823486328,1.6463415622711182,1064.0,14.189926147460938,-4.9986419677734375,-16.415634155273438,1064.0,0.04377411678433418,-0.4967852830886841,0.7287901043891907,0.4692048132419586,1064.0,0.0,1.0,87.0
619,1741795508.4383724,450.0,401.0,411.0,381.0,416.0,368.0,440.0,420.0,405.0,399.0,439.0,456.0,455.0,413.0,426.0,439.0,405.0,441.0,0.7021484375,-0.16162109375,2.64892578125,1080.0,-43.59756088256836,-84.39024353027344,-13.536585807800293,1080.0,13.289932250976562,-7.0986480712890625,-16.71563720703125,1072.0,0.055062226951122284,-0.5130795836448669,0.7233412861824036,0.4587971866130829,1080.0,0.0,1.0,87.0
620,1741795508.4383724,368.0,758.0,360.0,806.0,386.0,376.0,544.0,461.0,447.0,457.0,468.0,448.0,369.0,360.0,386.0,543.0,448.0,468.0,0.25634765625,-0.07763671875,0.9873046875,55886.0,18.170732498168945,-56.95122146606445,-66.70732116699219,55886.0,-0.151763916015625,-3.2295989990234375,-10.19024658203125,55886.0,0.1858775019645691,0.025423943996429443,-0.8775843381881714,0.44119012355804443,55886.0,0.0,0.0,92.0
621,1741795508.469617,366.0,430.0,360.0,806.0,387.0,376.0,550.0,470.0,448.0,459.0,468.0,448.0,366.0,361.0,387.0,563.0,449.0,468.0,0.2373046875,-0.00537109375,0.94189453125,55936.0,14.939024925231934,-66.70732116699219,-41.463417053222656,55936.0,-3.154205322265625,-3.2305755615234375,-10.94903564453125,55936.0,0.16374526917934418,0.011699954979121685,-0.8907877802848816,0.4237290620803833,55936.0,0.0,0.0,92.0
622,1741795508.4882462,369.0,710.0,361.0,807.0,387.0,377.0,563.0,496.0,449.0,459.0,469.0,449.0,366.0,361.0,387.0,563.0,449.0,468.0,0.267578125,0.10888671875,1.08447265625,55997.0,16.585365295410156,-48.414634704589844,31.280488967895508,55997.0,-19936.0,-18387.0,13171.0,55997.0,0.1405862271785736,-0.010330408811569214,-0.8923826813697815,0.42869701981544495,55997.0,0.0,0.0,92.0
623,1741795508.5012522,369.0,710.0,361.0,807.0,387.0,377.0,563.0,496.0,449.0,459.0,469.0,449.0,368.0,361.0,387.0,562.0,449.0,469.0,0.30419921875,0.1357421875,1.17578125,56027.0,19.207317352294922,-70.30487823486328,47.92683029174805,56027.0,-6.00421142578125,-2.3305816650390625,-13.349029541015625,56019.0,0.12957702577114105,-0.021875176578760147,-0.8889774680137634,0.4386913478374481,56027.0,0.0,0.0,92.0
624,1741795508.5325031,370.0,759.0,361.0,807.0,387.0,377.0,544.0,459.0,449.0,460.0,469.0,449.0,368.0,361.0,387.0,562.0,449.0,469.0,0.32470703125,0.19775390625,1.19677734375,56047.0,18.109756469726562,-70.48780822753906,47.92683029174805,56047.0,-8.706161499023438,-4.5810546875,-11.102447509765625,56047.0,0.11896292120218277,-0.03185455501079559,-0.8856815099716187,0.44766202569007874,56047.0,0.0,0.0,92.0
625,1741795508.548127,370.0,759.0,361.0,807.0,387.0,377.0,544.0,459.0,449.0,460.0,469.0,449.0,368.0,361.0,387.0,562.0,449.0,469.0,0.34716796875,0.224609375,1.20849609375,56059.0,20.85365867614746,-73.29268646240234,46.40243911743164,56059.0,-11.106155395507812,-4.1310577392578125,-11.252456665039062,56059.0,0.11245082318782806,-0.03831266611814499,-0.8835687637329102,0.45298248529434204,56059.0,0.0,0.0,92.0
626,1741795508.5637507,370.0,759.0,361.0,807.0,387.0,377.0,544.0,459.0,449.0,460.0,469.0,449.0,370.0,361.0,388.0,544.0,449.0,470.0,0.322265625,0.20947265625,1.20654296875,56078.0,25.365854263305664,-78.2317123413086,39.69512176513672,56078.0,-10.50616455078125,-3.53106689453125,-10.052444458007812,56068.0,0.10574456304311752,-0.0452975332736969,-0.8816545009613037,0.4576588273048401,56078.0,0.0,0.0,92.0
627,1741795508.61101,370.0,759.0,361.0,807.0,387.0,377.0,544.0,459.0,449.0,460.0,469.0,449.0,370.0,361.0,388.0,544.0,449.0,470.0,0.23193359375,0.173828125,1.2177734375,56099.0,24.93902587890625,-82.31707763671875,26.829269409179688,56099.0,-12.454208374023438,-4.5810546875,-7.350494384765625,56099.0,0.09183532744646072,-0.05974902957677841,-0.8785778880119324,0.4648626148700714,56099.0,0.0,0.0,92.0
628,1741795508.6266332,369.0,658.0,361.0,807.0,388.0,377.0,544.0,459.0,450.0,460.0,470.0,449.0,370.0,361.0,388.0,544.0,449.0,470.0,0.1826171875,0.18701171875,1.28955078125,56118.0,20.365854263305664,-88.4756088256836,19.207317352294922,56118.0,-3226.671875,-750.34765625,-2035.328125,56118.0,0.08185850083827972,-0.06903447210788727,-0.8770312070846558,0.46834784746170044,56118.0,0.0,0.0,92.0
629,1741795508.6422555,369.0,658.0,361.0,807.0,388.0,377.0,544.0,459.0,450.0,460.0,470.0,449.0,370.0,361.0,388.0,544.0,449.0,470.0,0.0703125,0.20263671875,1.22802734375,56136.0,16.707317352294922,-100.18292999267578,10.792683601379395,56136.0,-13.954208374023438,-1.8810577392578125,-7.350494384765625,56136.0,0.0700218454003334,-0.07853575795888901,-0.8760117292404175,0.4706723988056183,56136.0,0.0,0.0,92.0
630,1741795508.6735024,445.0,399.0,406.0,378.0,414.0,366.0,439.0,417.0,399.0,395.0,434.0,453.0,445.0,406.0,414.0,438.0,398.0,434.0,0.115234375,0.0625,0.9990234375,1339.0,0.060975611209869385,-1.158536672592163,0.4268292784690857,1339.0,14.024795532226562,-6.3408355712890625,-10.268081665039062,1339.0,0.06298545747995377,-0.5222288370132446,0.7189761996269226,0.45429399609565735,1339.0,0.0,1.0,87.0
631,1741795508.6895103,370.0,750.0,362.0,807.0,388.0,378.0,544.0,459.0,450.0,461.0,472.0,450.0,370.0,362.0,388.0,545.0,450.0,471.0,-0.1181640625,0.20703125,1.15673828125,56178.0,24.390243530273438,-88.96341705322266,0.6097561120986938,56178.0,-17.25421142578125,-2.6310577392578125,-5.5504913330078125,56178.0,0.04530336335301399,-0.09984856098890305,-0.8742942810058594,0.4728502631187439,56178.0,0.0,0.0,92.0
632,1741795508.7051377,444.0,399.0,405.0,378.0,414.0,365.0,438.0,416.0,397.0,394.0,433.0,452.0,445.0,406.0,414.0,438.0,398.0,434.0,0.11669921875,0.05859375,1.0068359375,1378.0,-0.12195122241973877,0.0,0.4878048896789551,1378.0,3974.3515625,-2045.6484375,-2513.425048828125,1378.0,0.0632132813334465,-0.522128701210022,0.7191389799118042,0.45411980152130127,1378.0,0.0,1.0,87.0
633,1741795508.736384,370.0,750.0,362.0,807.0,388.0,378.0,544.0,459.0,450.0,461.0,472.0,450.0,370.0,362.0,388.0,545.0,450.0,474.0,-0.20361328125,0.0869140625,1.0810546875,56217.0,29.207317352294922,-72.31707763671875,9.02439022064209,56217.0,-18.292495727539062,-2.4839935302734375,-4.6456146240234375,56217.0,0.02632162533700466,-0.12167807668447495,-0.8710761070251465,0.4750989079475403,56217.0,0.0,0.0,92.0
634,1741795508.7832534,367.0,417.0,362.0,807.0,388.0,377.0,545.0,461.0,450.0,461.0,477.0,450.0,370.0,362.0,388.0,545.0,450.0,474.0,-0.27392578125,0.01953125,1.0263671875,56255.0,28.719512939453125,-65.60975646972656,21.03658676147461,56255.0,-21.142486572265625,-3.8339996337890625,-3.2956085205078125,56255.0,0.010782014578580856,-0.14179392158985138,-0.8643134236335754,0.48242953419685364,56255.0,0.0,0.0,92.0
635,1741795508.7992632,367.0,417.0,362.0,807.0,388.0,377.0,545.0,461.0,450.0,461.0,477.0,450.0,367.0,362.0,388.0,544.0,450.0,482.0,-0.3759765625,-0.02197265625,0.97509765625,56277.0,24.024391174316406,-48.353660583496094,22.7439022064209,56277.0,-482.296875,-766.87890625,260.01568603515625,56277.0,0.00536575261503458,-0.14954981207847595,-0.8607273697853088,0.48657339811325073,56277.0,0.0,0.0,92.0
636,1741795508.8309317,369.0,474.0,362.0,807.0,388.0,377.0,545.0,459.0,451.0,461.0,491.0,450.0,367.0,362.0,388.0,544.0,450.0,482.0,-0.3935546875,0.04931640625,0.8720703125,56318.0,15.609756469726562,-16.707317352294922,46.64634323120117,56318.0,-3.0947418212890625,-0.2936553955078125,1.0039215087890625,56318.0,-0.0019506784155964851,-0.16187980771064758,-0.8493036031723022,0.5024500489234924,56318.0,0.0,0.0,92.0
637,1741795508.8465595,369.0,474.0,362.0,807.0,388.0,377.0,545.0,459.0,451.0,461.0,491.0,450.0,370.0,362.0,388.0,545.0,451.0,554.0,-0.32275390625,0.0537109375,0.943359375,56357.0,15.914634704589844,5.731707572937012,64.69512176513672,56357.0,-25.904403686523438,-2.3447418212890625,0.0063323974609375,56357.0,-0.0006748205050826073,-0.1666794866323471,-0.8341919183731079,0.5256817936897278,56357.0,0.0,0.0,92.0
638,1741795508.8465595,444.0,399.0,405.0,378.0,414.0,365.0,438.0,416.0,397.0,394.0,433.0,452.0,444.0,405.0,414.0,438.0,397.0,433.0,0.11865234375,0.0556640625,1.01171875,1394.0,1.158536672592163,0.12195122241973877,0.3048780560493469,1394.0,15.524795532226562,-7.0908355712890625,-10.568069458007812,1394.0,0.06330480426549911,-0.521935760974884,0.7192560434341431,0.4541434049606323,1394.0,0.0,1.0,87.0
639,1741795508.8623073,369.0,474.0,362.0,807.0,388.0,377.0,545.0,459.0,451.0,461.0,491.0,450.0,370.0,362.0,388.0,545.0,451.0,554.0,-0.42431640625,0.193359375,0.82470703125,56378.0,8.658536911010742,12.256097793579102,94.57317352294922,56378.0,-24.774322509765625,-3.1215972900390625,2.55828857421875,56378.0,-0.0010374980047345161,-0.16787821054458618,-0.8232662081718445,0.5422624349594116,56378.0,0.0,0.0,92.0
640,1741795508.888936,371.0,756.0,362.0,807.0,388.0,377.0,545.0,459.0,451.0,462.0,493.0,451.0,370.0,362.0,388.0,545.0,451.0,554.0,-0.4169921875,0.2685546875,0.798828125,56398.0,11.219512939453125,28.292682647705078,105.67073059082031,56398.0,-6649.421875,-31.12890625,347.72265625,56398.0,0.000992869958281517,-0.1670490801334381,-0.8126600980758667,0.5582801699638367,56398.0,0.0,0.0,92.0
641,1741795508.8939402,444.0,399.0,404.0,377.0,415.0,365.0,437.0,413.0,395.0,392.0,430.0,451.0,444.0,404.0,415.0,437.0,395.0,431.0,0.12060546875,0.06787109375,1.00927734375,1580.0,-0.12195122241973877,0.3048780560493469,0.6707317233085632,1580.0,-24588.0,3878.999755859375,18476.1875,1580.0,0.06548167765140533,-0.5198540091514587,0.7215912342071533,0.4525151550769806,1580.0,0.0,1.0,87.0
642,1741795508.8939402,443.0,402.0,403.0,379.0,418.0,367.0,435.0,412.0,393.0,391.0,429.0,449.0,443.0,403.0,416.0,435.0,394.0,429.0,0.1298828125,0.06982421875,1.0048828125,1766.0,-2.195122003555298,-5.365853786468506,1.4024391174316406,1766.0,16.71502685546875,-7.9825286865234375,-10.273941040039062,1766.0,0.06692981719970703,-0.5215515494346619,0.7215741872787476,0.4503720700740814,1766.0,0.0,1.0,87.0
643,1741795508.9251912,371.0,756.0,362.0,807.0,388.0,377.0,545.0,459.0,451.0,462.0,493.0,451.0,371.0,362.0,388.0,545.0,451.0,508.0,-0.2548828125,0.31689453125,0.814453125,56427.0,34.756099700927734,50.0,118.41463470458984,56427.0,-25.824325561523438,-1.1715850830078125,2.2582855224609375,56427.0,0.011279525235295296,-0.1663193553686142,-0.7909096479415894,0.5887842774391174,56427.0,0.0,0.0,92.0
644,1741795508.9408138,370.0,742.0,362.0,807.0,388.0,377.0,546.0,460.0,451.0,462.0,940.0,454.0,371.0,362.0,388.0,545.0,451.0,508.0,-0.146484375,0.2138671875,0.8544921875,56448.0,44.5121955871582,48.414634704589844,108.96341705322266,56448.0,-25.224319458007812,-0.1215972900390625,1.3582916259765625,56448.0,0.01877811923623085,-0.16767439246177673,-0.7784925699234009,0.6045494675636292,56448.0,0.0,0.0,92.0
645,1741795508.9564402,443.0,402.0,403.0,379.0,418.0,367.0,435.0,412.0,393.0,391.0,429.0,449.0,444.0,403.0,419.0,434.0,392.0,429.0,0.12255859375,0.0693359375,1.0009765625,1799.0,-2.9268293380737305,-4.695122241973877,1.2804877758026123,1799.0,15.665023803710938,-7.682525634765625,-9.22393798828125,1799.0,0.0676419660449028,-0.5224594473838806,0.7213529348373413,0.44956710934638977,1799.0,0.0,1.0,87.0
646,1741795508.9564402,443.0,402.0,403.0,379.0,418.0,367.0,435.0,412.0,393.0,391.0,429.0,449.0,444.0,403.0,419.0,434.0,392.0,429.0,0.12353515625,0.0634765625,0.9951171875,1815.0,-3.2317073345184326,-5.4268293380737305,1.4024391174316406,1815.0,16.115036010742188,-7.682525634765625,-9.22393798828125,1807.0,0.06794269382953644,-0.5231189131736755,0.7211026549339294,0.4491561949253082,1815.0,0.0,1.0,87.0
647,1741795509.003693,370.0,742.0,362.0,807.0,388.0,377.0,546.0,460.0,451.0,462.0,940.0,454.0,371.0,362.0,388.0,545.0,451.0,508.0,-0.11865234375,0.06005859375,0.77783203125,56467.0,39.085365295410156,30.18292808532715,79.8780517578125,56467.0,-25.974319458007812,0.6284027099609375,0.908294677734375,56467.0,0.026456447318196297,-0.17066846787929535,-0.7648273706436157,0.6206535696983337,56467.0,0.0,0.0,92.0
648,1741795509.0193226,444.0,405.0,403.0,382.0,421.0,369.0,433.0,411.0,391.0,388.0,428.0,448.0,444.0,403.0,419.0,434.0,392.0,429.0,0.13525390625,0.05859375,1.0166015625,1847.0,-5.060975551605225,-9.329268455505371,1.158536672592163,1847.0,17.46502685546875,-9.182525634765625,-7.5739288330078125,1847.0,0.06865832209587097,-0.5248525142669678,0.7203453183174133,0.4482392370700836,1847.0,0.0,1.0,87.0
649,1741795509.0193226,370.0,742.0,362.0,807.0,388.0,377.0,546.0,460.0,451.0,462.0,940.0,454.0,370.0,363.0,388.0,544.0,449.0,940.0,0.21826171875,-0.1484375,1.18994140625,56503.0,-128.35366821289062,166.03659057617188,-34.69512176513672,56503.0,-26.87432861328125,0.17840576171875,3.158294677734375,56495.0,0.05122855305671692,-0.1406530886888504,-0.760065495967865,0.63237065076828,56503.0,0.0,0.0,92.0
650,1741795509.0890722,369.0,514.0,363.0,807.0,389.0,379.0,541.0,459.0,438.0,447.0,940.0,438.0,370.0,363.0,388.0,544.0,449.0,940.0,-0.0859375,0.318359375,1.28271484375,56525.0,-97.74390411376953,204.8780517578125,-10.42682933807373,56525.0,-25.863967895507812,0.85516357421875,2.382904052734375,56525.0,0.07031916081905365,-0.09209728986024857,-0.7609808444976807,0.6383426785469055,56525.0,0.0,0.0,92.0
651,1741795509.0975776,444.0,405.0,403.0,382.0,421.0,369.0,433.0,411.0,391.0,388.0,428.0,448.0,444.0,403.0,419.0,434.0,392.0,429.0,0.13134765625,0.0576171875,1.01904296875,1856.0,-4.2682929039001465,-10.365854263305664,0.792682945728302,1856.0,17.46502685546875,-9.182525634765625,-7.5739288330078125,1847.0,0.06901498883962631,-0.5253701210021973,0.7201148271560669,0.4479483962059021,1856.0,0.0,1.0,87.0
652,1741795509.0975776,447.0,412.0,404.0,387.0,429.0,374.0,431.0,410.0,389.0,386.0,428.0,446.0,445.0,403.0,425.0,432.0,390.0,428.0,0.1357421875,0.0712890625,1.07177734375,1908.0,4.512195110321045,-32.19512176513672,-0.7317073345184326,1908.0,15.515029907226562,-7.9825286865234375,-10.573928833007812,1908.0,0.07560193538665771,-0.5288044810295105,0.7193806171417236,0.4440063238143921,1908.0,0.0,1.0,87.0
653,1741795509.0975776,369.0,562.0,363.0,806.0,388.0,379.0,537.0,460.0,429.0,438.0,463.0,425.0,369.0,363.0,388.0,538.0,432.0,940.0,-0.029296875,0.0419921875,1.24609375,56586.0,-10.853658676147461,87.5,-2.4390244483947754,56586.0,-21.119247436523438,-0.104888916015625,-2.5666046142578125,56578.0,0.11110518127679825,-0.030023280531167984,-0.7520887851715088,0.6489350199699402,56586.0,0.0,0.0,92.0
654,1741795509.1288278,369.0,562.0,363.0,806.0,388.0,379.0,537.0,460.0,429.0,438.0,463.0,425.0,369.0,363.0,388.0,538.0,432.0,940.0,-0.09716796875,0.0654296875,1.1630859375,56606.0,-7.987804889678955,81.15853881835938,-2.7439024448394775,56606.0,-21.269241333007812,-1.1548919677734375,-2.4166107177734375,56606.0,0.12234169244766235,-0.0184570774435997,-0.7498287558555603,0.649960458278656,56606.0,0.0,0.0,92.0
655,1741795509.1288278,447.0,412.0,404.0,387.0,429.0,374.0,431.0,410.0,389.0,386.0,428.0,446.0,445.0,403.0,425.0,432.0,390.0,428.0,0.134765625,0.0517578125,1.10693359375,1926.0,8.963415145874023,-48.780487060546875,3.841463565826416,1926.0,16.265029907226562,-7.0825347900390625,-9.523941040039062,1926.0,0.08053500950336456,-0.5306209921836853,0.7197006344795227,0.4404386878013611,1926.0,0.0,1.0,87.0
656,1741795509.1444516,365.0,412.0,360.0,801.0,385.0,377.0,540.0,467.0,427.0,436.0,447.0,425.0,366.0,361.0,387.0,560.0,428.0,447.0,-0.06103515625,0.04443359375,1.0234375,56664.0,-13.841464042663574,11.890244483947754,0.792682945728302,56664.0,-24.119247436523438,-0.854888916015625,4.03338623046875,56657.0,0.12726928293704987,-0.004978555254638195,-0.7474185228347778,0.6520301103591919,56664.0,0.0,0.0,92.0
657,1741795509.1600769,457.0,422.0,412.0,395.0,438.0,382.0,432.0,411.0,393.0,386.0,431.0,446.0,456.0,411.0,437.0,432.0,391.0,430.0,0.34326171875,0.04248046875,1.0625,2037.0,6.707317352294922,-132.256103515625,18.719512939453125,2037.0,4.71356201171875,-6.02960205078125,-16.72344970703125,2037.0,0.15036322176456451,-0.5680465698242188,0.7186223268508911,0.3718816936016083,2037.0,0.0,1.0,87.0
658,1741795509.1600769,365.0,412.0,360.0,801.0,385.0,377.0,540.0,467.0,427.0,436.0,447.0,425.0,366.0,361.0,387.0,560.0,428.0,447.0,-0.05810546875,0.03271484375,1.02734375,56676.0,-11.890244483947754,10.060976028442383,0.18292683362960815,56676.0,-24.569244384765625,-2.0548858642578125,2.9833831787109375,56676.0,0.1272953301668167,-0.0031636077910661697,-0.7471402883529663,0.6523551344871521,56676.0,0.0,0.0,92.0
659,1741795509.1600769,457.0,422.0,412.0,395.0,438.0,382.0,432.0,411.0,393.0,386.0,431.0,446.0,456.0,411.0,437.0,432.0,391.0,430.0,0.4072265625,0.1337890625,1.0712890625,2053.0,4.5731706619262695,-134.93902587890625,17.926830291748047,2053.0,1.8645477294921875,-6.178131103515625,-16.422470092773438,2045.0,0.1649007350206375,-0.5749412775039673,0.7176271080970764,0.3567374646663666,2053.0,0.0,1.0,87.0
660,1741795509.1756978,457.0,422.0,412.0,395.0,438.0,382.0,432.0,411.0,393.0,386.0,431.0,446.0,457.0,413.0,438.0,432.0,394.0,432.0,0.46435546875,0.13916015625,1.04296875,2079.0,-2.9268293380737305,-134.3292694091797,23.719512939453125,2079.0,-0.0854644775390625,-6.178131103515625,-15.372467041015625,2079.0,0.1859058290719986,-0.5854142308235168,0.7154043316841125,0.333055317401886,2079.0,0.0,1.0,87.0
661,1741795509.1892028,365.0,412.0,360.0,801.0,385.0,377.0,540.0,467.0,427.0,436.0,447.0,425.0,365.0,359.0,383.0,533.0,427.0,452.0,-0.052734375,0.02587890625,1.0244140625,56698.0,-7.0731706619262695,7.621951580047607,-0.12195122241973877,56698.0,-23.369247436523438,-3.2548980712890625,0.28338623046875,56698.0,0.12754754722118378,-0.0010867444798350334,-0.7469996213912964,0.6524737477302551,56698.0,0.0,0.0,92.0
662,1741795509.1917074,458.0,422.0,413.0,396.0,439.0,383.0,431.0,413.0,395.0,389.0,433.0,445.0,457.0,413.0,438.0,432.0,394.0,432.0,0.48876953125,0.14794921875,0.900390625,2106.0,3.658536672592163,-134.3292694091797,29.93902587890625,2106.0,-2.185455322265625,-4.3781280517578125,-16.272476196289062,2098.0,0.20534807443618774,-0.5956463813781738,0.7127550840377808,0.30824920535087585,2106.0,0.0,1.0,87.0
663,1741795509.1917074,458.0,422.0,413.0,396.0,439.0,383.0,431.0,413.0,395.0,389.0,433.0,445.0,457.0,413.0,438.0,432.0,394.0,432.0,0.5283203125,0.1328125,0.88525390625,2123.0,-4.5731706619262695,-124.57317352294922,34.63414764404297,2123.0,-4.1354522705078125,-6.02813720703125,-15.97247314453125,2123.0,0.21712329983711243,-0.6026751399040222,0.7102879285812378,0.2917688488960266,2123.0,0.0,1.0,87.0
664,1741795509.207335,364.0,484.0,358.0,797.0,382.0,372.0,528.0,449.0,427.0,435.0,502.0,427.0,365.0,359.0,383.0,533.0,427.0,452.0,-0.05419921875,0.0322265625,1.01953125,56726.0,-2.8048782348632812,5.6097564697265625,0.24390244483947754,56726.0,-21.869247436523438,-4.7548828125,-0.0166168212890625,56726.0,0.12821820378303528,0.00030106399208307266,-0.7470975518226624,0.652230978012085,56726.0,0.0,0.0,92.0
665,1741795509.2542045,458.0,422.0,413.0,396.0,439.0,383.0,431.0,413.0,395.0,389.0,433.0,445.0,458.0,413.0,439.0,430.0,397.0,434.0,0.53466796875,0.05078125,0.78125,2140.0,-2.987804889678955,-118.3536605834961,36.463417053222656,2140.0,-6.3854522705078125,-5.5781402587890625,-14.322463989257812,2140.0,0.22564491629600525,-0.6073030233383179,0.7087525129318237,0.27917230129241943,2140.0,0.0,1.0,87.0
666,1741795509.26983,458.0,422.0,413.0,396.0,439.0,383.0,431.0,413.0,395.0,389.0,433.0,445.0,458.0,413.0,439.0,430.0,397.0,434.0,0.5166015625,-0.001953125,0.7578125,2155.0,-4.2682929039001465,-116.95122528076172,35.24390411376953,2155.0,-6.53692626953125,-4.2295989990234375,-14.172958374023438,2155.0,0.23648446798324585,-0.6130863428115845,0.7065114974975586,0.2627579867839813,2155.0,0.0,1.0,87.0
667,1741795509.2854514,458.0,422.0,414.0,396.0,439.0,383.0,430.0,414.0,397.0,391.0,435.0,443.0,458.0,413.0,439.0,430.0,397.0,434.0,0.63671875,-0.0322265625,0.71044921875,2198.0,-17.80487823486328,-101.4024429321289,13.841464042663574,2198.0,-8.336929321289062,-4.3795928955078125,-12.822952270507812,2198.0,0.2641555964946747,-0.6274449825286865,0.6966371536254883,0.22634315490722656,2198.0,0.0,1.0,87.0
668,1741795509.2894557,364.0,484.0,358.0,797.0,382.0,372.0,528.0,449.0,427.0,435.0,502.0,427.0,365.0,359.0,383.0,533.0,427.0,452.0,-0.0576171875,0.0380859375,1.00634765625,56746.0,-2.195122003555298,5.121951103210449,-0.12195122241973877,56746.0,-20.969253540039062,-3.4048919677734375,-1.366607666015625,56746.0,0.12886840105056763,0.0012097368016839027,-0.7470059394836426,0.6522067189216614,56746.0,0.0,0.0,92.0
669,1741795509.3014586,458.0,422.0,414.0,396.0,439.0,383.0,430.0,414.0,397.0,391.0,435.0,443.0,458.0,414.0,438.0,430.0,399.0,435.0,0.6484375,0.02734375,0.6376953125,2215.0,-19.7560977935791,-90.36585235595703,11.463415145874023,2215.0,-11.184967041015625,-5.427642822265625,-12.371978759765625,2215.0,0.27434539794921875,-0.6321029663085938,0.6921619176864624,0.21469074487686157,2215.0,0.0,1.0,87.0
670,1741795509.3170855,458.0,422.0,414.0,396.0,439.0,383.0,430.0,414.0,397.0,391.0,435.0,443.0,458.0,414.0,438.0,430.0,399.0,435.0,0.68994140625,0.056640625,0.6318359375,2232.0,-23.841463088989258,-76.4024429321289,14.268293380737305,2232.0,-10.28497314453125,-4.3776397705078125,-11.771987915039062,2232.0,0.28292256593704224,-0.6366016864776611,0.6877055168151855,0.20433707535266876,2232.0,0.0,1.0,87.0
671,1741795509.3170855,364.0,484.0,358.0,797.0,382.0,372.0,528.0,449.0,427.0,435.0,502.0,427.0,362.0,357.0,381.0,528.0,427.0,507.0,-0.05810546875,0.04248046875,1.00732421875,56759.0,-3.0487804412841797,5.0,-0.24390244483947754,56759.0,-20.969253540039062,-3.4048919677734375,-1.366607666015625,56746.0,0.1290540248155594,0.001622239127755165,-0.7470545768737793,0.6521134376525879,56759.0,0.0,0.0,92.0
672,1741795509.332711,458.0,421.0,414.0,395.0,438.0,382.0,430.0,414.0,400.0,391.0,436.0,443.0,458.0,414.0,438.0,430.0,399.0,435.0,0.7509765625,0.1044921875,0.6748046875,2258.0,-34.5121955871582,-56.463417053222656,19.63414764404297,2258.0,-11.634963989257812,-3.3276519775390625,-10.421981811523438,2258.0,0.2918494641780853,-0.6440941095352173,0.6807458996772766,0.19118498265743256,2258.0,0.0,1.0,87.0
673,1741795509.332711,364.0,484.0,358.0,797.0,382.0,372.0,528.0,449.0,427.0,435.0,502.0,427.0,362.0,357.0,381.0,528.0,427.0,507.0,-0.06005859375,0.0380859375,1.01708984375,56767.0,-3.841463565826416,5.6097564697265625,-0.060975611209869385,56767.0,-21.569244384765625,-4.0048980712890625,-1.5166168212890625,56767.0,0.1292412430047989,0.0020975759252905846,-0.7471187114715576,0.6520014405250549,56767.0,0.0,0.0,92.0
674,1741795509.3639562,364.0,484.0,358.0,797.0,382.0,372.0,528.0,449.0,427.0,435.0,502.0,427.0,362.0,357.0,381.0,528.0,427.0,507.0,-0.0595703125,0.03955078125,1.015625,56787.0,-6.585366249084473,6.95121955871582,-0.060975611209869385,56787.0,-19.469253540039062,-4.3048858642578125,-4.21661376953125,56787.0,0.12959182262420654,0.0036925142630934715,-0.7472230792045593,0.6518051624298096,56787.0,0.0,0.0,92.0
675,1741795509.3639562,458.0,421.0,414.0,395.0,438.0,382.0,430.0,414.0,400.0,391.0,436.0,443.0,458.0,414.0,438.0,430.0,399.0,435.0,0.736328125,0.14013671875,0.6455078125,2274.0,-29.878049850463867,-49.085365295410156,22.560976028442383,2274.0,-13.134963989257812,-4.2276458740234375,-12.371978759765625,2267.0,0.2950015068054199,-0.6474558115005493,0.6778749227523804,0.18509317934513092,2274.0,0.0,1.0,87.0
676,1741795509.3795788,458.0,421.0,414.0,395.0,438.0,382.0,430.0,414.0,400.0,391.0,436.0,443.0,458.0,414.0,437.0,430.0,401.0,437.0,0.68896484375,0.11328125,0.53369140625,2290.0,-25.060976028442383,-42.317073822021484,31.40243911743164,2290.0,-13.28497314453125,-3.177642822265625,-10.271987915039062,2282.0,0.2978670597076416,-0.6515780091285706,0.6749134659767151,0.17667227983474731,2290.0,0.0,1.0,87.0
677,1741795509.3895833,360.0,423.0,354.0,793.0,378.0,368.0,528.0,447.0,429.0,437.0,497.0,433.0,362.0,355.0,379.0,528.0,428.0,498.0,-0.07958984375,0.0263671875,1.0078125,56899.0,-1.8292683362960815,3.7804880142211914,0.3048780560493469,56899.0,-16.469253540039062,-3.854888916015625,-4.96661376953125,56899.0,0.1314784586429596,0.008957484737038612,-0.7478811740875244,0.6506204009056091,56899.0,0.0,0.0,92.0
678,1741795509.3955867,458.0,421.0,414.0,395.0,438.0,382.0,430.0,414.0,400.0,391.0,436.0,443.0,458.0,414.0,437.0,430.0,401.0,437.0,0.69384765625,0.09716796875,0.5078125,2306.0,-17.560976028442383,-40.24390411376953,42.621952056884766,2306.0,-12.384963989257812,-3.02764892578125,-9.671981811523438,2306.0,0.2997015118598938,-0.6554564237594604,0.6727036237716675,0.16740885376930237,2306.0,0.0,1.0,87.0
679,1741795509.4112146,458.0,419.0,414.0,395.0,436.0,382.0,431.0,415.0,401.0,391.0,437.0,443.0,458.0,414.0,437.0,430.0,401.0,437.0,0.72265625,0.10546875,0.517578125,2323.0,-11.463415145874023,-40.54878234863281,46.524391174316406,2323.0,-14.334976196289062,-3.77764892578125,-10.72198486328125,2323.0,0.3010740876197815,-0.6583986282348633,0.6718042492866516,0.15666741132736206,2323.0,0.0,1.0,87.0
680,1741795509.4112146,458.0,419.0,414.0,395.0,436.0,382.0,431.0,415.0,401.0,391.0,437.0,443.0,458.0,414.0,437.0,430.0,401.0,437.0,0.64794921875,0.013671875,0.4130859375,2339.0,6.463414669036865,-39.756099700927734,55.54878234863281,2339.0,-813.47265625,-2437.628173828125,257.00390625,2339.0,0.301883339881897,-0.6596855521202087,0.6722291111946106,0.1476113200187683,2339.0,0.0,1.0,87.0
681,1741795509.426837,360.0,423.0,354.0,793.0,378.0,368.0,528.0,447.0,429.0,437.0,497.0,433.0,359.0,353.0,378.0,528.0,430.0,469.0,-0.07568359375,0.0224609375,1.0107421875,56916.0,-1.3414634466171265,2.987804889678955,0.3048780560493469,56916.0,-16.769241333007812,-3.4048919677734375,-6.1666107177734375,56916.0,0.13177816569805145,0.00942604336887598,-0.7478741407394409,0.6505612730979919,56916.0,0.0,0.0,92.0
682,1741795509.4424603,360.0,423.0,354.0,793.0,378.0,368.0,528.0,447.0,429.0,437.0,497.0,433.0,359.0,353.0,378.0,528.0,430.0,469.0,-0.07470703125,0.02392578125,1.01416015625,56936.0,-0.9756097793579102,2.5609755516052246,0.060975611209869385,56936.0,31231.98046875,-16128.025390625,9728.00390625,56936.0,0.1320580393075943,0.009781061671674252,-0.7480587959289551,0.650286853313446,56936.0,0.0,0.0,92.0
683,1741795509.4580836,458.0,419.0,414.0,395.0,436.0,382.0,431.0,415.0,401.0,391.0,437.0,443.0,458.0,414.0,436.0,431.0,401.0,437.0,0.70751953125,-0.04541015625,0.51171875,2357.0,4.939024448394775,-38.84146499633789,59.024391174316406,2357.0,-15.234970092773438,-1.9776458740234375,-9.071975708007812,2348.0,0.3022007644176483,-0.6616213917732239,0.6727927327156067,0.13521015644073486,2357.0,0.0,1.0,87.0
684,1741795509.4580836,458.0,419.0,414.0,395.0,436.0,382.0,431.0,415.0,401.0,391.0,437.0,443.0,458.0,414.0,436.0,431.0,401.0,437.0,0.7451171875,-0.16552734375,0.52783203125,2372.0,-8.47560977935791,-27.13414764404297,59.39024353027344,2372.0,-16.134963989257812,-1.3776397705078125,-8.171981811523438,2372.0,0.3010733425617218,-0.6645476222038269,0.672494649887085,0.12442365288734436,2372.0,0.0,1.0,87.0
685,1741795509.473707,359.0,403.0,353.0,793.0,378.0,367.0,529.0,447.0,431.0,439.0,467.0,435.0,359.0,353.0,378.0,528.0,430.0,469.0,-0.0771484375,0.02001953125,1.0146484375,56964.0,0.060975611209869385,1.8292683362960815,-0.3048780560493469,56964.0,-15.41925048828125,-3.70489501953125,-6.616607666015625,56964.0,0.1325196623802185,0.01023116149008274,-0.7482600212097168,0.6499544382095337,56964.0,0.0,0.0,92.0
686,1741795509.473707,458.0,419.0,414.0,395.0,436.0,382.0,431.0,415.0,401.0,391.0,437.0,443.0,458.0,414.0,436.0,431.0,401.0,437.0,0.79541015625,-0.109375,0.59765625,2389.0,-19.69512176513672,-16.707317352294922,57.317073822021484,2389.0,-15.834976196289062,-2.1276397705078125,-7.4219818115234375,2389.0,0.2997291088104248,-0.6672639846801758,0.6716799736022949,0.11733397096395493,2389.0,0.0,1.0,87.0
687,1741795509.4898353,359.0,403.0,353.0,793.0,378.0,367.0,529.0,447.0,431.0,439.0,467.0,435.0,358.0,352.0,378.0,529.0,432.0,468.0,-0.083984375,0.02685546875,1.009765625,56996.0,0.4268292784690857,2.2560975551605225,-0.18292683362960815,56996.0,-16.019241333007812,-4.3048858642578125,-5.71661376953125,56996.0,0.13321605324745178,0.010523970238864422,-0.7485507726669312,0.6494724750518799,56996.0,0.0,0.0,92.0
688,1741795509.4898353,458.0,419.0,414.0,395.0,436.0,382.0,431.0,415.0,402.0,391.0,437.0,444.0,458.0,414.0,436.0,431.0,401.0,437.0,0.8251953125,-0.0791015625,0.58544921875,2406.0,-11.341464042663574,-6.52439022064209,56.70731735229492,2406.0,-8.321975708007812,12289.00390625,257.00390625,2398.0,0.2965913712978363,-0.6708671450614929,0.6712891459465027,0.10649723559617996,2406.0,0.0,1.0,87.0
689,1741795509.4898353,458.0,419.0,414.0,395.0,436.0,382.0,431.0,415.0,402.0,391.0,437.0,444.0,458.0,414.0,436.0,431.0,401.0,437.0,0.734375,-0.17333984375,0.57470703125,2423.0,-1.8292683362960815,-0.8536585569381714,55.853660583496094,2423.0,-17.184967041015625,-2.7276458740234375,-8.321975708007812,2415.0,0.2943880558013916,-0.6720133423805237,0.6720898747444153,0.10014411807060242,2423.0,0.0,1.0,87.0
690,1741795509.5375354,458.0,419.0,414.0,395.0,436.0,382.0,431.0,415.0,402.0,391.0,437.0,444.0,458.0,414.0,436.0,431.0,402.0,438.0,0.732421875,-0.2060546875,0.58349609375,2440.0,-2.5609755516052246,-0.9756097793579102,50.97561264038086,2440.0,-18.834976196289062,-0.177642822265625,-9.22198486328125,2440.0,0.2916185259819031,-0.6733828186988831,0.6730697154998779,0.09214768558740616,2440.0,0.0,1.0,87.0
691,1741795509.5375354,358.0,402.0,352.0,793.0,377.0,367.0,529.0,447.0,433.0,441.0,476.0,438.0,358.0,352.0,378.0,529.0,432.0,468.0,-0.076171875,0.0224609375,1.01904296875,57024.0,0.8536585569381714,3.353658676147461,-0.3048780560493469,57024.0,-13.619247436523438,-3.70489501953125,-7.366607666015625,57016.0,0.13398735225200653,0.010815544053912163,-0.7486868500709534,0.6491520404815674,57024.0,0.0,0.0,92.0
692,1741795509.568786,358.0,402.0,352.0,793.0,377.0,367.0,529.0,447.0,433.0,441.0,476.0,438.0,358.0,352.0,377.0,529.0,434.0,479.0,-0.08203125,0.0283203125,1.01416015625,57055.0,0.18292683362960815,3.9634146690368652,0.0,57055.0,-14.66925048828125,-4.45489501953125,-7.8166046142578125,57055.0,0.13500337302684784,0.011390169151127338,-0.7489490509033203,0.6486290693283081,57055.0,0.0,0.0,92.0
693,1741795509.6004164,458.0,419.0,414.0,395.0,436.0,382.0,431.0,415.0,402.0,391.0,437.0,444.0,458.0,414.0,436.0,431.0,402.0,438.0,0.77392578125,-0.27197265625,0.6640625,2457.0,3.9634146690368652,1.097561001777649,43.17073440551758,2457.0,-16.584976196289062,-0.177642822265625,-7.4219818115234375,2457.0,0.2893393933773041,-0.6740498542785645,0.6743442416191101,0.0848483145236969,2457.0,0.0,1.0,87.0
694,1741795509.6004164,358.0,402.0,352.0,793.0,377.0,367.0,529.0,447.0,433.0,441.0,476.0,438.0,358.0,352.0,377.0,529.0,434.0,479.0,-0.08984375,0.0263671875,1.01123046875,57063.0,-0.18292683362960815,3.658536672592163,-0.060975611209869385,57063.0,-14.66925048828125,-4.45489501953125,-7.8166046142578125,57055.0,0.13524940609931946,0.011542171239852905,-0.7490900158882141,0.64841228723526,57063.0,0.0,0.0,92.0
695,1741795509.6160438,458.0,419.0,415.0,394.0,436.0,382.0,431.0,415.0,402.0,391.0,438.0,444.0,458.0,414.0,436.0,431.0,402.0,438.0,0.751953125,-0.28076171875,0.6748046875,2473.0,0.792682945728302,5.121951103210449,35.42683029174805,2473.0,-17.03497314453125,-0.927642822265625,-9.22198486328125,2465.0,0.28766724467277527,-0.6742037534713745,0.6756181120872498,0.07897493243217468,2473.0,0.0,1.0,87.0
696,1741795509.6160438,458.0,419.0,415.0,394.0,436.0,382.0,431.0,415.0,402.0,391.0,438.0,444.0,458.0,415.0,436.0,431.0,402.0,438.0,0.77001953125,-0.19091796875,0.6533203125,2516.0,-7.5,11.40243911743164,21.463415145874023,2516.0,-16.584976196289062,-0.6276397705078125,-8.171981811523438,2516.0,0.2847800552845001,-0.6750683784484863,0.6769981384277344,0.0696888267993927,2516.0,0.0,1.0,87.0
697,1741795509.6160438,358.0,402.0,352.0,794.0,377.0,367.0,530.0,447.0,435.0,443.0,474.0,441.0,358.0,352.0,377.0,530.0,436.0,465.0,-0.080078125,0.02197265625,1.0107421875,57117.0,-0.4268292784690857,1.7073171138763428,-0.12195122241973877,57117.0,-641.25,-1885.8515625,446.7450866699219,57117.0,0.13618502020835876,0.01241848524659872,-0.7486693859100342,0.6486859917640686,57117.0,0.0,0.0,92.0
698,1741795509.6316667,458.0,418.0,415.0,394.0,435.0,381.0,431.0,415.0,403.0,390.0,438.0,443.0,458.0,415.0,436.0,431.0,402.0,438.0,0.77734375,-0.17919921875,0.6572265625,2547.0,-5.182927131652832,10.670731544494629,21.829269409179688,2547.0,-16.134963989257812,1.7723541259765625,-8.921981811523438,2547.0,0.28308796882629395,-0.6754514575004578,0.6778913140296936,0.0639520138502121,2547.0,0.0,1.0,87.0
699,1741795509.6316667,458.0,418.0,415.0,394.0,435.0,381.0,431.0,415.0,403.0,390.0,438.0,443.0,458.0,415.0,435.0,431.0,403.0,439.0,0.7734375,-0.17431640625,0.662109375,2565.0,-5.121951103210449,12.012195587158203,21.95121955871582,2565.0,261.7265625,-2168.827392578125,257.00390625,2556.0,0.28175318241119385,-0.6756949424743652,0.6784844398498535,0.06091276556253433,2565.0,0.0,1.0,87.0
700,1741795509.6472898,458.0,418.0,415.0,394.0,435.0,381.0,431.0,415.0,403.0,390.0,438.0,443.0,458.0,415.0,435.0,431.0,403.0,439.0,0.7626953125,-0.150390625,0.6357421875,2572.0,-3.4146342277526855,14.390244483947754,23.04878044128418,2572.0,-4207.3515625,300.125,-1746.425048828125,2572.0,0.28139135241508484,-0.6757322549819946,0.6786661744117737,0.060141537338495255,2572.0,0.0,1.0,87.0
